  5.2668503e-001
  5.8292185e-001
  4.4304252e-001
  5.4489609e-001
  5.1878587e-001
  5.0526819e-001
  6.4567828e-001
  4.4770710e-001
  5.5475775e-001
  4.8885512e-001
  5.8898327e-001
  4.4736050e-001
  5.4132476e-001
  5.6070188e-001
  4.1163515e-001
  4.2748284e-001
  3.1587264e-001
  4.1256517e-001
  6.1384684e-001
  4.2946779e-001
  5.2812183e-001
  6.7311346e-001
  6.9971046e-001
  5.5166997e-001
  6.7170925e-001
  5.0507458e-001
  4.4648433e-001
  5.4684942e-001
  5.4364524e-001
  4.0075679e-001
  5.0329804e-001
  5.4047044e-001
  5.1994144e-001
  5.3621178e-001
  5.1193009e-001
  3.1582143e-001
  3.6507755e-001
  5.3480394e-001
  5.8910128e-001
  3.8190369e-001
  6.5055622e-001
  5.1446565e-001
  4.3653228e-001
  5.8330027e-001
  4.4608268e-001
  4.9554796e-001
  6.1923815e-001
  6.3986641e-001
  5.0129416e-001
  5.3146669e-001
  4.6052163e-001
  5.6285046e-001
  7.1619354e-001
  6.7415177e-001
  4.4585642e-001
  5.6125465e-001
  4.8920081e-001
  6.1883045e-001
  1.6804348e-001
  6.2781665e-001
  5.5571728e-001
  3.4168447e-001
  4.4534164e-001
  4.8443656e-001
  6.7899329e-001
  4.6852688e-001
  3.3795489e-001
  5.3744583e-001
  4.3442310e-001
  5.6132721e-001
  4.8091025e-001
  6.0908189e-001
  6.1977194e-001
  5.6452195e-001
  4.7455549e-001
  5.4322566e-001
  5.8539766e-001
  6.1872598e-001
  6.5323273e-001
  4.5929917e-001
  4.1376035e-001
  5.0481636e-001
  4.5887999e-001
  5.5718087e-001
  5.9464139e-001
  6.7507365e-001
  6.4871698e-001
  5.0230932e-001
  4.1035728e-001
  5.9568187e-001
  6.6959787e-001
  7.5068668e-001
  4.6002091e-001
  4.7343488e-001
  5.9675081e-001
  5.2843060e-001
  4.5181017e-001
  5.2299800e-001
  4.8944371e-001
  4.1101254e-001
  4.7992009e-001
  6.8062583e-001
  6.7048092e-001
  6.3619586e-001
  4.4596868e-001
  5.7716035e-001
  6.9967392e-001
  4.1881261e-001
  5.3845698e-001
  3.8921663e-001
  4.5050262e-001
  5.3380289e-001
  3.4865271e-001
  6.6154439e-001
  4.3331395e-001
  5.0964889e-001
  7.0067852e-001
  4.3696605e-001
  3.7845327e-001
  3.1384964e-001
  4.7091060e-001
  5.8818819e-001
  6.0765817e-001
  4.6852846e-001
  6.4517795e-001
  6.3299551e-001
  5.7383577e-001
  3.9232966e-001
  5.0394178e-001
  5.8831222e-001
  6.1688708e-001
  6.0522118e-001
  4.9489766e-001
  5.3376807e-001
  6.0021820e-001
  6.2393023e-001
  4.4803126e-001
  4.1385536e-001
  6.2846133e-001
  3.5645507e-001
  5.9991936e-001
  4.6391205e-001
  5.1456694e-001
  4.4950500e-001
  5.1713077e-001
  4.3301673e-001
  5.4503324e-001
  4.5613053e-001
  4.4281653e-001
  3.7430236e-001
  5.6005596e-001
  4.4835991e-001
  4.9668541e-001
  5.4515285e-001
  6.0504548e-001
  5.9544632e-001
  5.5995261e-001
  6.4583840e-001
  6.6254974e-001
  6.9895759e-001
  4.4177679e-001
  4.1076300e-001
  6.6367149e-001
  5.1977910e-001
  4.7150121e-001
  6.6532910e-001
  4.5968446e-001
  5.1049853e-001
  6.0465193e-001
  5.5098465e-001
  3.1553014e-001
  4.8221657e-001
  4.8422703e-001
  5.1165849e-001
  5.6807151e-001
  4.3598817e-001
  5.8883163e-001
  5.8379109e-001
  3.6987161e-001
  5.3382582e-001
  5.0720974e-001
  4.8941799e-001
  5.0473515e-001
  5.6402513e-001
  6.0594579e-001
  4.5796040e-001
  6.5424153e-001
  6.4508492e-001
  4.5463658e-001
  4.8434371e-001
  4.7598904e-001
  4.2985373e-001
  4.1537472e-001
  4.9458373e-001
  3.6149849e-001
  5.1312088e-001
  4.9766274e-001
  4.3982053e-001
  6.2153892e-001
  5.1137339e-001
