  1.2578905e+000
  1.1925679e+001
  3.3100126e+000
  7.3244697e+000
 -1.2590557e+000
  7.5112526e-001
  3.1677503e+000
  1.6531689e+001
  1.2920582e+001
  6.1873572e+000
  8.7357291e+000
  7.3816283e+000
  6.2690412e-001
  3.5332660e+000
 -6.9493643e+000
 -7.9617449e+000
 -8.6855950e+000
  1.8521178e+001
  5.5873820e+000
  1.4960439e+000
  1.3133502e+001
  1.1352552e+001
  3.0254711e+000
  3.0314241e-001
 -1.1644399e+001
  6.5119368e+000
  9.8650000e+000
 -6.0107871e+000
 -5.8787402e+000
  3.1821819e+000
 -1.5458916e+000
 -4.3694692e+000
 -2.7545378e+000
 -1.6217475e+001
  9.4314120e+000
 -3.5214941e+000
 -4.9718356e+000
  7.8226832e+000
 -3.6271918e+000
  1.7591689e+001
 -3.2094161e+000
 -3.2402762e+000
  9.4347766e+000
  1.2082208e+001
  1.3115855e+001
  3.8494831e+000
  7.8644199e+000
  2.6545156e+001
  9.6980207e+000
  6.5888876e-001
  1.8043152e+001
  9.3702307e+000
  8.1906917e+000
  5.7694234e+000
  2.0720967e+001
 -4.6051029e+000
  2.6702591e+001
  1.0293706e+001
  2.0600545e+001
  1.4644066e+001
  2.6226033e+001
  9.3508244e+000
  6.4042024e+000
  2.7944228e+001
  4.0173759e+001
  2.0089125e+001
  2.9234243e+001
  1.2570215e+001
  1.9336647e+001
  3.7338357e+001
  1.3369975e+001
  3.0199152e+001
  2.0690364e+001
  2.6050682e+001
  4.0890518e+001
  2.1539351e+001
  3.4933181e+001
  3.9796669e+001
  3.1571674e+001
  2.1413106e+001
  3.0525569e+001
  2.8876877e+001
  4.1734133e+001
  3.7951932e+001
  3.3864071e+001
  2.0834508e+001
  3.2925200e+001
  3.2093091e+001
  3.7609702e+001
  2.4364483e+001
  2.9347263e+001
  3.1087302e+001
  4.5496745e+001
  4.2243511e+001
  4.6359115e+001
  5.9386094e+001
  4.7443487e+001
  4.5979573e+001
  5.2805138e+001
  6.3255261e+001
  5.0186270e+001
  5.2451605e+001
  4.7093606e+001
  7.3183006e+001
  7.0847369e+001
  5.1100793e+001
  6.6288054e+001
  5.6998647e+001
  7.0694567e+001
  6.8197455e+001
  7.5443833e+001
  6.1979592e+001
  6.5778040e+001
  5.4950485e+001
  6.3611247e+001
  6.6335315e+001
  7.3669547e+001
  5.9265639e+001
  6.4091605e+001
  8.3702943e+001
  8.7473720e+001
  7.0241150e+001
  6.5727777e+001
  9.7155906e+001
  7.6905153e+001
  7.4582137e+001
  9.2401009e+001
  8.0201015e+001
  1.0278799e+002
  7.8769712e+001
  9.0712304e+001
  9.4958924e+001
  8.7578795e+001
  9.3566970e+001
  8.6707088e+001
  9.5797754e+001
  1.0342724e+002
  8.5772498e+001
  7.8469193e+001
  1.0543045e+002
  9.1368674e+001
  1.0579783e+002
  8.7983705e+001
  9.6391978e+001
  1.1000118e+002
  1.0804058e+002
  1.0137246e+002
  1.0091871e+002
  1.0380749e+002
  1.1201977e+002
  1.1019968e+002
  1.1252808e+002
  1.1681439e+002
  1.2121154e+002
  1.1778855e+002
  1.3686904e+002
  1.1789499e+002
  1.2080726e+002
  1.0248370e+002
  1.3873130e+002
  1.3147884e+002
  1.1738862e+002
  1.3781567e+002
  1.3718929e+002
  1.3091867e+002
  1.3631088e+002
  1.2633190e+002
  1.3583801e+002
  1.4337589e+002
  1.5210739e+002
  1.4294207e+002
  1.4456563e+002
  1.5165634e+002
  1.6040953e+002
  1.6313452e+002
  1.6628075e+002
  1.5489772e+002
  1.7198192e+002
  1.5989633e+002
  1.7274581e+002
  1.6473905e+002
  1.8284368e+002
  1.6105567e+002
  1.5682322e+002
  1.5772107e+002
  1.6153769e+002
  1.7563419e+002
  1.6431880e+002
  1.8159812e+002
  1.8231134e+002
  1.8066343e+002
  1.8825435e+002
  2.0356933e+002
  1.7862065e+002
  1.8650671e+002
  2.0289952e+002
  1.8302812e+002
  2.0049038e+002
  1.8523048e+002
  2.0878694e+002
  2.1744582e+002
  2.1474616e+002
  2.1530005e+002
  2.1749959e+002
  2.2541636e+002
  2.2136097e+002
  2.3685674e+002
  2.2435721e+002
  2.2799480e+002
  2.3090541e+002
  2.1904244e+002
  2.1454744e+002
  2.2815333e+002
  2.3319604e+002
  2.3248259e+002
  2.3370427e+002
  2.3632828e+002
  2.3614809e+002
  2.4390097e+002
  2.3875217e+002
  2.6139100e+002
  2.4055945e+002
  2.4598900e+002
  2.6244396e+002
  2.6193712e+002
  2.5845270e+002
  2.5854746e+002
  2.5040299e+002
  2.7466483e+002
  2.7444043e+002
  2.7000173e+002
  2.8322691e+002
  2.8131853e+002
  2.6727069e+002
  2.6220385e+002
  3.0657491e+002
  2.9187694e+002
  2.9933395e+002
  2.8228571e+002
  2.8148401e+002
  2.8166522e+002
  2.8232344e+002
  2.8618768e+002
  2.9939927e+002
  2.9589076e+002
  3.1922346e+002
  3.0654310e+002
  3.1110983e+002
  3.1309304e+002
  3.0483126e+002
  3.0783068e+002
  3.4661138e+002
  3.2565999e+002
  3.2670561e+002
  3.3109316e+002
  3.0301069e+002
  3.3193650e+002
  3.4765421e+002
  3.2063824e+002
  3.3003367e+002
  3.4259327e+002
  3.4981133e+002
  3.5058212e+002
  3.4735560e+002
  3.5541097e+002
  3.3532539e+002
  3.6582209e+002
  3.5018814e+002
  3.6644701e+002
  3.6780877e+002
  3.6791730e+002
  3.7239175e+002
  3.8062782e+002
  3.7029721e+002
  3.8281053e+002
  3.8429535e+002
  3.9988887e+002
  3.9406348e+002
  3.9951533e+002
  4.0075388e+002
  4.1193051e+002
  3.8827631e+002
  4.1038358e+002
  4.0392026e+002
  3.9887159e+002
  4.0658808e+002
  4.1559474e+002
  3.9370814e+002
  4.2599326e+002
  4.2398916e+002
  4.3840264e+002
  4.3038766e+002
  4.2599311e+002
  4.2783779e+002
  4.4577224e+002
  4.3901388e+002
  4.5094390e+002
  4.4365178e+002
  4.6021545e+002
  4.6583391e+002
  4.4795968e+002
  4.6889932e+002
  4.4866728e+002
  4.5393247e+002
  4.6242199e+002
  4.7907150e+002
  4.5671070e+002
  4.8190649e+002
  4.8563825e+002
  4.7897185e+002
  4.7853801e+002
  5.0596019e+002
  4.9408100e+002
  4.9838321e+002
  4.9123890e+002
  4.8873673e+002
  5.1421592e+002
  5.1667275e+002
  4.9574184e+002
  5.1621745e+002
  5.2271808e+002
  5.2305833e+002
  5.2982626e+002
  5.2077691e+002
  5.0898585e+002
  5.1772479e+002
  5.4148753e+002
  5.3460316e+002
  5.3851935e+002
  5.3050221e+002
  5.4842371e+002
  5.4899439e+002
  5.7318956e+002
  5.7563771e+002
  5.6475127e+002
  5.6932152e+002
  5.6667802e+002
  5.6405258e+002
  5.6898065e+002
  5.8303364e+002
  5.9666189e+002
  5.8284659e+002
  5.9587682e+002
  5.9921947e+002
  5.9333122e+002
  5.8927046e+002
  6.1697113e+002
  6.0705440e+002
  6.1448881e+002
  6.1294785e+002
  6.4038670e+002
  6.1963159e+002
  6.2424253e+002
  6.1277570e+002
  6.2172482e+002
  6.2557716e+002
  6.3306527e+002
  6.5478993e+002
  6.7559374e+002
  6.4201855e+002
  6.4061613e+002
  6.7532804e+002
  6.3874855e+002
  6.4636043e+002
  6.7635983e+002
  6.6938527e+002
  6.9194511e+002
  6.9957234e+002
  6.8539182e+002
  6.6235408e+002
  6.8575837e+002
  6.9562452e+002
  6.8082908e+002
  6.8800286e+002
  7.0708526e+002
  6.8290871e+002
  7.1662798e+002
  7.1317908e+002
  7.3322372e+002
  7.2061135e+002
  7.2662321e+002
  7.2322086e+002
  7.2015227e+002
  7.2323134e+002
  7.1940103e+002
  7.5768168e+002
  7.5605165e+002
  7.5718307e+002
  7.5157862e+002
  7.4822920e+002
  7.6966857e+002
  7.7069074e+002
  7.8322406e+002
  7.8086034e+002
  7.7079784e+002
  7.7640938e+002
  7.7625533e+002
  7.8715080e+002
  8.0070054e+002
  8.0171306e+002
  7.9807575e+002
  8.0356917e+002
  8.2003323e+002
  8.1286957e+002
  8.2275080e+002
  8.1371160e+002
  8.2680784e+002
  8.3805141e+002
  8.4489621e+002
  8.3635342e+002
  8.5097247e+002
  8.4138906e+002
  8.4264310e+002
  8.6081167e+002
  8.6693199e+002
  8.6675663e+002
  8.8187390e+002
  8.7356651e+002
  8.7390432e+002
  8.7040173e+002
  8.8622484e+002
  8.9628269e+002
  8.8850827e+002
  8.8140309e+002
  9.0677497e+002
  9.0338954e+002
  8.9910249e+002
  9.1631131e+002
  9.0443727e+002
  9.2515391e+002
  9.3561445e+002
  9.3902395e+002
  9.4037577e+002
  9.3745674e+002
  9.2942153e+002
  9.3667181e+002
  9.4883357e+002
  9.7120523e+002
  9.5882718e+002
  9.8902342e+002
  9.7264566e+002
  9.8343007e+002
  9.8014919e+002
  9.8189081e+002
  9.9704556e+002
  1.0060482e+003
  9.9751911e+002
  1.0075950e+003
  1.0117332e+003
  1.0221980e+003
  1.0077064e+003
  1.0278951e+003
  1.0246290e+003
  1.0345106e+003
  1.0431071e+003
  1.0675011e+003
  1.0459548e+003
  1.0312036e+003
  1.0636090e+003
  1.0555640e+003
  1.0614512e+003
  1.0639275e+003
  1.0855780e+003
  1.0739406e+003
  1.0891704e+003
  1.1002181e+003
  1.0978282e+003
  1.0995331e+003
  1.0885902e+003
  1.0975208e+003
  1.1125569e+003
  1.1103240e+003
  1.1372037e+003
  1.1153412e+003
  1.1325764e+003
  1.1363025e+003
  1.1463345e+003
  1.1455959e+003
  1.1583396e+003
  1.1593043e+003
  1.1654688e+003
  1.1509634e+003
  1.1605359e+003
  1.1736100e+003
  1.1956289e+003
  1.1863494e+003
  1.1908205e+003
  1.2091993e+003
  1.1974233e+003
  1.1974405e+003
  1.2153420e+003
  1.2289024e+003
  1.2284357e+003
  1.2370368e+003
  1.2317953e+003
  1.2425677e+003
  1.2434278e+003
  1.2559043e+003
  1.2433163e+003
  1.2477352e+003
  1.2723298e+003
  1.2465157e+003
  1.2828426e+003
  1.2853318e+003
  1.2903590e+003
  1.2907869e+003
  1.2937810e+003
  1.2688938e+003
  1.3014460e+003
  1.3190781e+003
  1.2951617e+003
  1.3091846e+003
  1.3269609e+003
  1.3309921e+003
  1.3444990e+003
  1.3263439e+003
  1.3433181e+003
  1.3269982e+003
  1.3462132e+003
  1.3655633e+003
  1.3581146e+003
  1.3632386e+003
  1.3672570e+003
  1.3666007e+003
  1.3822990e+003
  1.3799967e+003
  1.4059565e+003
  1.4005170e+003
  1.4055019e+003
  1.4162664e+003
  1.4041961e+003
  1.4280320e+003
  1.4391904e+003
  1.4489692e+003
  1.4593912e+003
  1.4486736e+003
  1.4523324e+003
  1.4436951e+003
  1.4713492e+003
  1.4863180e+003
  1.4662547e+003
  1.4683115e+003
  1.4927182e+003
  1.4780016e+003
  1.5042230e+003
  1.5122464e+003
  1.4880262e+003
  1.5238243e+003
  1.5329883e+003
  1.5169873e+003
  1.5252822e+003
  1.5217093e+003
  1.5320172e+003
  1.5392341e+003
  1.5485976e+003
  1.5317991e+003
  1.5685771e+003
  1.5557489e+003
  1.5819871e+003
  1.5769373e+003
  1.5868370e+003
  1.5871920e+003
  1.5878365e+003
  1.5938936e+003
  1.6168684e+003
  1.6032496e+003
  1.5996130e+003
  1.6262850e+003
  1.6139636e+003
  1.6122622e+003
  1.6491848e+003
  1.6243691e+003
  1.6461951e+003
  1.6379276e+003
  1.6424115e+003
  1.6714207e+003
  1.6753713e+003
  1.6749468e+003
  1.6851802e+003
  1.6816164e+003
  1.6891130e+003
  1.6945806e+003
  1.7068363e+003
  1.7242374e+003
  1.6961904e+003
  1.7106295e+003
  1.7165991e+003
  1.7232976e+003
  1.7458298e+003
  1.7464311e+003
  1.7589172e+003
  1.7599983e+003
  1.7696515e+003
  1.7791707e+003
  1.7710901e+003
  1.7922499e+003
  1.7844673e+003
  1.8018304e+003
  1.8172870e+003
  1.8098248e+003
  1.8006178e+003
  1.8370001e+003
  1.8205797e+003
  1.8247933e+003
  1.8352793e+003
  1.8451034e+003
  1.8456818e+003
  1.8760215e+003
  1.8703453e+003
  1.8717852e+003
  1.8841087e+003
  1.8832363e+003
  1.8865052e+003
  1.8969116e+003
  1.8925559e+003
  1.8981681e+003
  1.9313338e+003
  1.9136328e+003
  1.9210440e+003
  1.9160778e+003
  1.9272783e+003
  1.9258128e+003
  1.9568664e+003
  1.9495899e+003
  1.9603836e+003
  1.9591631e+003
  1.9795019e+003
  1.9832073e+003
  1.9564554e+003
  1.9725152e+003
  1.9917403e+003
  2.0034168e+003
  2.0172454e+003
  2.0407961e+003
  2.0325339e+003
  2.0467694e+003
  2.0395970e+003
  2.0420608e+003
  2.0466892e+003
  2.0636934e+003
  2.0718999e+003
  2.0692924e+003
  2.0757768e+003
  2.0591632e+003
  2.0860741e+003
  2.1028735e+003
  2.1089248e+003
  2.1244931e+003
  2.1293533e+003
  2.1167135e+003
  2.1330306e+003
  2.1308870e+003
  2.1372363e+003
  2.1399510e+003
  2.1572061e+003
  2.1640965e+003
  2.1781799e+003
  2.1624067e+003
  2.1823881e+003
  2.1919818e+003
  2.2053475e+003
  2.2082873e+003
  2.2186751e+003
  2.2033147e+003
  2.2115095e+003
  2.2261915e+003
  2.2252575e+003
  2.2618433e+003
  2.2419560e+003
  2.2513443e+003
  2.2679320e+003
  2.2675411e+003
  2.2762645e+003
  2.2737119e+003
  2.2691142e+003
  2.2843503e+003
  2.3031639e+003
  2.3151436e+003
  2.3134900e+003
  2.3197151e+003
  2.3024514e+003
  2.3381658e+003
  2.3587758e+003
  2.3430027e+003
  2.3409052e+003
  2.3820893e+003
  2.3788222e+003
  2.3734518e+003
  2.3869465e+003
  2.3816235e+003
  2.4159200e+003
  2.3992888e+003
  2.4165841e+003
  2.4251002e+003
  2.4282134e+003
  2.4200482e+003
  2.4372004e+003
  2.4495561e+003
  2.4547090e+003
  2.4567429e+003
  2.4618466e+003
  2.4880950e+003
  2.4792725e+003
  2.4884566e+003
  2.4896879e+003
  2.4958624e+003
  2.5023807e+003
  2.5153206e+003
  2.5308278e+003
  2.5016696e+003
  2.5425667e+003
  2.5390146e+003
  2.5654708e+003
  2.5284809e+003
  2.5668446e+003
  2.5686194e+003
  2.5813569e+003
  2.5993282e+003
  2.5920602e+003
  2.6004164e+003
  2.6019185e+003
  2.6202170e+003
  2.6308110e+003
  2.6313404e+003
  2.6432991e+003
  2.6574355e+003
  2.6557999e+003
  2.6571329e+003
  2.6637581e+003
  2.6658812e+003
  2.6722913e+003
  2.6702201e+003
  2.6960010e+003
  2.7141973e+003
  2.7046161e+003
  2.7063911e+003
  2.7260692e+003
  2.7348663e+003
  2.7352911e+003
  2.7478280e+003
  2.7612288e+003
  2.7417586e+003
  2.7619128e+003
  2.7828547e+003
  2.7914989e+003
  2.7975240e+003
  2.7897002e+003
  2.8049019e+003
  2.7938060e+003
  2.8379266e+003
  2.8336180e+003
  2.8474214e+003
  2.8426233e+003
  2.8520502e+003
  2.8616533e+003
  2.8763995e+003
  2.8856124e+003
  2.8739005e+003
  2.8776366e+003
  2.8789782e+003
  2.8898881e+003
  2.9197610e+003
  2.9316229e+003
  2.9202855e+003
  2.9317472e+003
  2.9592716e+003
  2.9461291e+003
  2.9717950e+003
  2.9790471e+003
  2.9596292e+003
  2.9745945e+003
  2.9955775e+003
  2.9953783e+003
  2.9877261e+003
  3.0239786e+003
  3.0188569e+003
  3.0412491e+003
  3.0419021e+003
  3.0356402e+003
  3.0622840e+003
  3.0547428e+003
  3.0868539e+003
  3.0731691e+003
  3.0894586e+003
  3.1052366e+003
  3.1171794e+003
  3.1211411e+003
  3.0982684e+003
  3.0997976e+003
  3.1265759e+003
  3.1314389e+003
  3.1469076e+003
  3.1374343e+003
  3.1728867e+003
  3.1664207e+003
  3.1643128e+003
  3.1739473e+003
  3.1940880e+003
  3.2004541e+003
  3.2097234e+003
  3.2273158e+003
  3.2201502e+003
  3.2184762e+003
  3.2309452e+003
  3.2445620e+003
  3.2774048e+003
  3.2704078e+003
  3.2793999e+003
  3.2691799e+003
  3.2831274e+003
  3.2957444e+003
  3.2939611e+003
  3.3150386e+003
  3.3152198e+003
  3.3255582e+003
  3.3352735e+003
  3.3546483e+003
  3.3433759e+003
  3.3644963e+003
  3.3683684e+003
  3.3687437e+003
  3.3773315e+003
  3.3914195e+003
  3.3978811e+003
  3.4130207e+003
  3.4212092e+003
  3.4340932e+003
  3.4493799e+003
  3.4710237e+003
  3.4563752e+003
  3.4651103e+003
  3.4738659e+003
  3.4772749e+003
  3.4719121e+003
  3.4990824e+003
  3.4919817e+003
  3.5216713e+003
  3.5228623e+003
  3.5281378e+003
  3.5027731e+003
  3.5383234e+003
  3.5454679e+003
  3.5690273e+003
  3.5617005e+003
  3.5740044e+003
  3.5898408e+003
  3.5997371e+003
  3.5787252e+003
  3.6333815e+003
  3.6226328e+003
  3.6371416e+003
  3.6438552e+003
  3.6465532e+003
  3.6565148e+003
  3.6684509e+003
  3.6830685e+003
  3.6726163e+003
  3.7045679e+003
  3.6986121e+003
  3.6954606e+003
  3.7208131e+003
  3.7151981e+003
  3.7389854e+003
  3.7544676e+003
  3.7454331e+003
  3.7714462e+003
  3.7659440e+003
  3.7810102e+003
  3.7700365e+003
  3.8167464e+003
  3.7992576e+003
  3.8130987e+003
  3.8113953e+003
  3.8333905e+003
  3.8332490e+003
  3.8574311e+003
  3.8661147e+003
  3.8810758e+003
  3.8673701e+003
  3.8939565e+003
  3.9034404e+003
  3.8941885e+003
  3.9163239e+003
  3.9011761e+003
  3.9198427e+003
  3.9510968e+003
  3.9333124e+003
  3.9535850e+003
  3.9665791e+003
  3.9615892e+003
  3.9870392e+003
  3.9664145e+003
  4.0081754e+003
  4.0002799e+003
  4.0293340e+003
  4.0316306e+003
  4.0529293e+003
  4.0355969e+003
  4.0468830e+003
  4.0683597e+003
  4.0716399e+003
  4.0862495e+003
  4.0990584e+003
  4.0723332e+003
  4.1006008e+003
  4.1330674e+003
  4.1394393e+003
  4.1411807e+003
  4.1402670e+003
  4.1579384e+003
  4.1644985e+003
  4.1761321e+003
  4.1863130e+003
  4.1671617e+003
  4.2024668e+003
  4.1925092e+003
  4.2080065e+003
  4.2397901e+003
  4.2363573e+003
  4.2397672e+003
  4.2552871e+003
  4.2724486e+003
  4.2625600e+003
  4.2740913e+003
  4.2881399e+003
  4.3002038e+003
  4.3169131e+003
  4.3326396e+003
  4.3164054e+003
  4.3239380e+003
  4.3481707e+003
  4.3622777e+003
  4.3656019e+003
  4.3660541e+003
  4.3761029e+003
  4.4012507e+003
  4.4182643e+003
  4.4184520e+003
  4.4228620e+003
  4.4321873e+003
  4.4312495e+003
  4.4469390e+003
  4.4565695e+003
  4.4585876e+003
  4.4808247e+003
  4.4951691e+003
  4.5042032e+003
  4.4937895e+003
  4.5074755e+003
  4.5383184e+003
  4.5248295e+003
  4.5460837e+003
  4.5382000e+003
  4.5650401e+003
  4.5804920e+003
  4.5720880e+003
  4.6013206e+003
  4.5903164e+003
  4.6109443e+003
  4.6202132e+003
  4.6284014e+003
  4.6487273e+003
  4.6556533e+003
  4.6775824e+003
  4.6654346e+003
  4.6884055e+003
  4.7016290e+003
  4.7118562e+003
  4.6943357e+003
  4.7035721e+003
  4.7500636e+003
  4.7480838e+003
  4.7448046e+003
  4.7612753e+003
  4.7469026e+003
  4.7816950e+003
  4.7874108e+003
  4.7930522e+003
  4.8355762e+003
  4.8106230e+003
  4.8170908e+003
  4.8401880e+003
  4.8304475e+003
  4.8472355e+003
  4.8544692e+003
  4.8761692e+003
  4.8792586e+003
  4.8929728e+003
  4.9031200e+003
  4.9014703e+003
  4.9129036e+003
  4.9404623e+003
  4.9256647e+003
  4.9632938e+003
  4.9772141e+003
  4.9763022e+003
  4.9877201e+003
  4.9941289e+003
  5.0224931e+003
  5.0179287e+003
  5.0213689e+003
  5.0338753e+003
  5.0414164e+003
  5.0475290e+003
  5.0630876e+003
  5.0873769e+003
  5.0926576e+003
  5.0976785e+003
  5.1209915e+003
  5.1216060e+003
  5.1253405e+003
  5.1329002e+003
  5.1437255e+003
  5.1515283e+003
  5.1730895e+003
  5.1728819e+003
  5.1998766e+003
  5.1804131e+003
  5.2113510e+003
  5.2122644e+003
  5.2397588e+003
  5.2325277e+003
  5.2299418e+003
  5.2713924e+003
  5.2692788e+003
  5.2959306e+003
  5.2943648e+003
  5.3067300e+003
  5.3224417e+003
  5.3275212e+003
  5.3358351e+003
  5.3575986e+003
  5.3411119e+003
  5.3540346e+003
  5.3641193e+003
  5.3711414e+003
  5.4009492e+003
  5.4043687e+003
  5.4071859e+003
  5.4262517e+003
  5.4320740e+003
  5.4595663e+003
  5.4612890e+003
  5.4675346e+003
  5.4768018e+003
  5.4898232e+003
  5.5077467e+003
  5.5029667e+003
  5.5092830e+003
  5.5278900e+003
  5.5554453e+003
  5.5600660e+003
  5.5698916e+003
  5.5635765e+003
  5.5591493e+003
  5.5904577e+003
  5.6120305e+003
  5.6024835e+003
  5.6100792e+003
  5.6331615e+003
  5.6444555e+003
  5.6554388e+003
  5.6748942e+003
  5.6666091e+003
  5.7036643e+003
  5.7141318e+003
  5.7203525e+003
  5.7123708e+003
  5.7320994e+003
  5.7254570e+003
  5.7596706e+003
  5.7592382e+003
  5.7851389e+003
  5.7967441e+003
  5.7841791e+003
  5.7836782e+003
  5.8129245e+003
  5.8347392e+003
  5.8503583e+003
  5.8525308e+003
  5.8546672e+003
  5.8680793e+003
  5.8926266e+003
  5.8752190e+003
  5.9112726e+003
  5.9038030e+003
  5.9297178e+003
  5.9563363e+003
  5.9590468e+003
  5.9509678e+003
  5.9687038e+003
  5.9906809e+003
  6.0069101e+003
  6.0129825e+003
  6.0124389e+003
  6.0302720e+003
  6.0395595e+003
  6.0519755e+003
  6.0620582e+003
  6.0615531e+003
  6.0824160e+003
  6.0953470e+003
  6.0977338e+003
  6.1199473e+003
  6.1113533e+003
  6.1408432e+003
  6.1470270e+003
  6.1690283e+003
  6.1453655e+003
  6.1764016e+003
  6.1956639e+003
  6.2133065e+003
  6.2115907e+003
  6.2377754e+003
  6.2579066e+003
  6.2576996e+003
  6.2613528e+003
  6.2599030e+003
  6.2873791e+003
  6.3043239e+003
  6.3257371e+003
  6.3149339e+003
  6.3281731e+003
  6.3350343e+003
  6.3504603e+003
  6.3609542e+003
  6.3841528e+003
  6.3933902e+003
  6.3970272e+003
  6.4086638e+003
  6.4045013e+003
  6.4284131e+003
  6.4198618e+003
  6.4528572e+003
  6.4860790e+003
  6.4684504e+003
  6.5003489e+003
  6.4814641e+003
  6.5059058e+003
  6.5229787e+003
  6.5315264e+003
  6.5511181e+003
  6.5539364e+003
  6.5348950e+003
  6.5864105e+003
  6.5701927e+003
  6.5741143e+003
  6.6018799e+003
  6.6275678e+003
  6.6382875e+003
  6.6632905e+003
  6.6477458e+003
  6.6672332e+003
  6.6671558e+003
  6.6782817e+003
  6.6948884e+003
  6.7053598e+003
  6.7131487e+003
  6.7392610e+003
  6.7403030e+003
  6.7714763e+003
  6.7642949e+003
  6.7771455e+003
  6.7874293e+003
  6.8302275e+003
  6.8203107e+003
  6.8132537e+003
  6.8400486e+003
  6.8433726e+003
  6.8645479e+003
  6.8853180e+003
  6.8760397e+003
  6.8737152e+003
  6.9135249e+003
  6.9188549e+003
  6.9279878e+003
  6.9343921e+003
  6.9403985e+003
  6.9920475e+003
  6.9750500e+003
  6.9961454e+003
  7.0128216e+003
  7.0143140e+003
  7.0357737e+003
  7.0398738e+003
  7.0550813e+003
  7.0621448e+003
  7.0571573e+003
  7.0764407e+003
  7.1085665e+003
  7.1040977e+003
  7.1282216e+003
  7.1280369e+003
  7.1521404e+003
  7.1598765e+003
  7.1636982e+003
  7.1762897e+003
  7.1782969e+003
  7.2301335e+003
  7.2109865e+003
  7.2406090e+003
  7.2522128e+003
  7.2536754e+003
  7.2577145e+003
  7.2906837e+003
  7.3001456e+003
  7.3081350e+003
  7.3079652e+003
  7.3289522e+003
  7.3460225e+003
  7.3493357e+003
  7.3518047e+003
  7.3843880e+003
  7.3898386e+003
  7.4124992e+003
  7.4054704e+003
  7.4416708e+003
  7.4615154e+003
  7.4565331e+003
  7.4762156e+003
  7.4709815e+003
  7.4932006e+003
  7.4983320e+003
  7.5173863e+003
  7.5313909e+003
  7.5378086e+003
  7.5351041e+003
  7.5602534e+003
  7.5731856e+003
  7.5894177e+003
  7.5981133e+003
  7.6316274e+003
  7.6237600e+003
  7.6358578e+003
  7.6398371e+003
  7.6604328e+003
  7.6691749e+003
  7.6860817e+003
  7.7038788e+003
  7.7107075e+003
  7.7154359e+003
  7.7224643e+003
  7.7489691e+003
  7.7655615e+003
  7.7766066e+003
  7.8020992e+003
  7.7912105e+003
  7.7852354e+003
  7.8203685e+003
  7.8392210e+003
  7.8531219e+003
  7.8462836e+003
  7.8617625e+003
  7.8930478e+003
  7.9069065e+003
  7.9110869e+003
  7.9335360e+003
  7.9245739e+003
  7.9450066e+003
  7.9663877e+003
  7.9630930e+003
  7.9742346e+003
  7.9860985e+003
  8.0129844e+003
  8.0172669e+003
  8.0356765e+003
  8.0592325e+003
  8.0616153e+003
  8.0857957e+003
  8.0832410e+003
  8.1104554e+003
  8.1212298e+003
  8.1192821e+003
  8.1215415e+003
  8.1424910e+003
  8.1619591e+003
  8.1844167e+003
  8.1916536e+003
  8.1871329e+003
  8.2232418e+003
  8.2141907e+003
  8.2416568e+003
  8.2450566e+003
  8.2753008e+003
  8.2928241e+003
  8.2770267e+003
  8.2942643e+003
  8.3041414e+003
  8.3244181e+003
  8.3369916e+003
  8.3477707e+003
  8.3727986e+003
  8.3855425e+003
  8.3921700e+003
  8.4069357e+003
  8.4145944e+003
  8.4392862e+003
  8.4562690e+003
  8.4388720e+003
  8.4694420e+003
  8.4903033e+003
  8.5166916e+003
  8.5085239e+003
  8.5375371e+003
  8.5175114e+003
  8.5651194e+003
  8.5410542e+003
  8.5886772e+003
  8.5726409e+003
  8.6115858e+003
  8.6117557e+003
  8.6349215e+003
  8.6374813e+003
  8.6510860e+003
  8.6477305e+003
  8.6967493e+003
  8.6900631e+003
  8.6994656e+003
  8.7404642e+003
  8.7347238e+003
  8.7471411e+003
  8.7699262e+003
  8.7852928e+003
  8.7860011e+003
  8.7922570e+003
  8.7986497e+003
  8.8290988e+003
  8.8563978e+003
  8.8516643e+003
  8.8636759e+003
  8.8837353e+003
  8.8658035e+003
  8.9096385e+003
  8.9209751e+003
  8.9333610e+003
  8.9360770e+003
  8.9572820e+003
  8.9827555e+003
  8.9838257e+003
  9.0097794e+003
  8.9935022e+003
  9.0134255e+003
  9.0593542e+003
  9.0704121e+003
  9.0537247e+003
  9.0687269e+003
  9.0844617e+003
  9.1101725e+003
  9.1119019e+003
  9.1334995e+003
  9.1441796e+003
  9.1701208e+003
  9.1519868e+003
  9.1872441e+003
  9.1890031e+003
  9.2151887e+003
  9.2273981e+003
  9.2392275e+003
  9.2543104e+003
  9.2513171e+003
  9.2958438e+003
  9.2995282e+003
  9.3017741e+003
  9.3305311e+003
  9.3341144e+003
  9.3572862e+003
  9.3723657e+003
  9.3823134e+003
  9.3837252e+003
  9.3890603e+003
  9.4124824e+003
  9.4451355e+003
  9.4406204e+003
  9.4522937e+003
  9.4683761e+003
  9.4947343e+003
  9.4977938e+003
  9.4948199e+003
  9.5272237e+003
  9.5457360e+003
  9.5611127e+003
  9.5882656e+003
  9.5912930e+003
  9.6078726e+003
  9.6029425e+003
  9.6257663e+003
  9.6250541e+003
  9.6513925e+003
  9.6852972e+003
  9.6629037e+003
  9.7036528e+003
  9.7054603e+003
  9.7450568e+003
  9.7227475e+003
  9.7519571e+003
  9.7634447e+003
  9.7620914e+003
  9.8000395e+003
  9.8006323e+003
  9.8085070e+003
  9.8402252e+003
  9.8455135e+003
  9.8614260e+003
  9.8738103e+003
  9.8702871e+003
  9.8947324e+003
  9.9056392e+003
  9.9384732e+003
  9.9327942e+003
  9.9491519e+003
  9.9688440e+003
  9.9847794e+003
  1.0023801e+004
  1.0022247e+004
  1.0034618e+004
  1.0051073e+004
  1.0056848e+004
  1.0078885e+004
  1.0099719e+004
  1.0106856e+004
  1.0106343e+004
  1.0138890e+004
  1.0129514e+004
  1.0151020e+004
  1.0166430e+004
  1.0194207e+004
  1.0206194e+004
  1.0200209e+004
  1.0227303e+004
  1.0242525e+004
  1.0242233e+004
  1.0279582e+004
  1.0279414e+004
  1.0309952e+004
  1.0319214e+004
  1.0318585e+004
  1.0348670e+004
  1.0374571e+004
  1.0366916e+004
  1.0373317e+004
  1.0406724e+004
  1.0427545e+004
  1.0427255e+004
  1.0445827e+004
  1.0465099e+004
  1.0471903e+004
  1.0503085e+004
  1.0492833e+004
  1.0502648e+004
  1.0531417e+004
  1.0545026e+004
  1.0547432e+004
  1.0585617e+004
  1.0585620e+004
  1.0608448e+004
  1.0615163e+004
  1.0660302e+004
  1.0657974e+004
  1.0660218e+004
  1.0666614e+004
  1.0698079e+004
  1.0691083e+004
  1.0710014e+004
  1.0747374e+004
  1.0745432e+004
  1.0779553e+004
  1.0771471e+004
  1.0807364e+004
  1.0805702e+004
  1.0819875e+004
  1.0845356e+004
  1.0869910e+004
  1.0864453e+004
  1.0881654e+004
  1.0880322e+004
  1.0911126e+004
  1.0917955e+004
  1.0960621e+004
  1.0954129e+004
  1.0972337e+004
  1.0989394e+004
  1.1034886e+004
  1.1025459e+004
  1.1006078e+004
  1.1050423e+004
  1.1058589e+004
  1.1087187e+004
  1.1079638e+004
  1.1076955e+004
  1.1114755e+004
  1.1148232e+004
  1.1143501e+004
  1.1164563e+004
  1.1170690e+004
  1.1205400e+004
  1.1223235e+004
  1.1216323e+004
  1.1241968e+004
  1.1263145e+004
  1.1266410e+004
  1.1279686e+004
  1.1289395e+004
  1.1317316e+004
  1.1316837e+004
  1.1331285e+004
  1.1356020e+004
  1.1367524e+004
  1.1390404e+004
  1.1410779e+004
  1.1420108e+004
  1.1442629e+004
  1.1462392e+004
  1.1471554e+004
  1.1479735e+004
  1.1504818e+004
  1.1514395e+004
  1.1526211e+004
  1.1534996e+004
  1.1552187e+004
  1.1588305e+004
  1.1586748e+004
  1.1616347e+004
  1.1623846e+004
  1.1638199e+004
  1.1660884e+004
  1.1662776e+004
  1.1673608e+004
  1.1689715e+004
  1.1703167e+004
  1.1727930e+004
  1.1727575e+004
  1.1745570e+004
  1.1774275e+004
  1.1791955e+004
  1.1806848e+004
  1.1809314e+004
  1.1825737e+004
  1.1855442e+004
  1.1857238e+004
  1.1877666e+004
  1.1889967e+004
  1.1900488e+004
  1.1928027e+004
  1.1948506e+004
  1.1956012e+004
  1.1972574e+004
  1.1987552e+004
  1.1994122e+004
  1.2000014e+004
  1.2030700e+004
  1.2073749e+004
  1.2063164e+004
  1.2083430e+004
  1.2085745e+004
  1.2096539e+004
  1.2136572e+004
  1.2163213e+004
  1.2140461e+004
  1.2179783e+004
  1.2172633e+004
  1.2199680e+004
  1.2214493e+004
  1.2235734e+004
  1.2245467e+004
  1.2269233e+004
  1.2288733e+004
  1.2290499e+004
  1.2323753e+004
  1.2330545e+004
  1.2351191e+004
  1.2359590e+004
  1.2375788e+004
  1.2380290e+004
  1.2404679e+004
  1.2422512e+004
  1.2435534e+004
  1.2443688e+004
  1.2461826e+004
  1.2484165e+004
  1.2517195e+004
  1.2516069e+004
  1.2545161e+004
  1.2558865e+004
  1.2573697e+004
  1.2581788e+004
  1.2587434e+004
  1.2616926e+004
  1.2629987e+004
  1.2659111e+004
  1.2661672e+004
  1.2675030e+004
  1.2704691e+004
  1.2714372e+004
  1.2707174e+004
  1.2747380e+004
  1.2754763e+004
  1.2776699e+004
  1.2798961e+004
  1.2805043e+004
  1.2805469e+004
  1.2819266e+004
  1.2848356e+004
  1.2860373e+004
  1.2887510e+004
  1.2913202e+004
  1.2901014e+004
  1.2948676e+004
  1.2955219e+004
  1.2963670e+004
  1.2981730e+004
  1.3002036e+004
  1.3012032e+004
  1.3030053e+004
  1.3041563e+004
  1.3075142e+004
  1.3092201e+004
  1.3102338e+004
  1.3105394e+004
  1.3126734e+004
  1.3138444e+004
  1.3182275e+004
  1.3169626e+004
  1.3200025e+004
  1.3213064e+004
  1.3224360e+004
  1.3235683e+004
  1.3257364e+004
  1.3257866e+004
  1.3300980e+004
  1.3311622e+004
  1.3329375e+004
  1.3355627e+004
  1.3350799e+004
  1.3386402e+004
  1.3403497e+004
  1.3388542e+004
  1.3422272e+004
  1.3420576e+004
  1.3461673e+004
  1.3471900e+004
  1.3493648e+004
  1.3514836e+004
  1.3520221e+004
  1.3538290e+004
  1.3561787e+004
  1.3560067e+004
  1.3586514e+004
  1.3595591e+004
  1.3604663e+004
  1.3635546e+004
  1.3632667e+004
  1.3647210e+004
  1.3671120e+004
  1.3690457e+004
  1.3733116e+004
  1.3714560e+004
  1.3754668e+004
  1.3761991e+004
  1.3791074e+004
  1.3802373e+004
  1.3832573e+004
  1.3808192e+004
  1.3867594e+004
  1.3863547e+004
  1.3900637e+004
  1.3884835e+004
  1.3913747e+004
  1.3941026e+004
  1.3938455e+004
  1.3968404e+004
  1.3979097e+004
  1.4008541e+004
  1.4012433e+004
  1.4036548e+004
  1.4053304e+004
  1.4067082e+004
  1.4084173e+004
  1.4089471e+004
  1.4120380e+004
  1.4133906e+004
  1.4136538e+004
  1.4157565e+004
  1.4166186e+004
  1.4197270e+004
  1.4221193e+004
  1.4249633e+004
  1.4256618e+004
  1.4264436e+004
  1.4299935e+004
  1.4328245e+004
  1.4323683e+004
  1.4333617e+004
  1.4345529e+004
  1.4363716e+004
  1.4386332e+004
  1.4389180e+004
  1.4440116e+004
  1.4441661e+004
  1.4456136e+004
  1.4472802e+004
  1.4485696e+004
  1.4493260e+004
  1.4505315e+004
  1.4546575e+004
  1.4564011e+004
  1.4570765e+004
  1.4591546e+004
  1.4603774e+004
  1.4632242e+004
  1.4654379e+004
  1.4668410e+004
  1.4680797e+004
  1.4698521e+004
  1.4709057e+004
  1.4723645e+004
  1.4739370e+004
  1.4766933e+004
  1.4779451e+004
  1.4805479e+004
  1.4832768e+004
  1.4826058e+004
  1.4864618e+004
  1.4868017e+004
  1.4890693e+004
  1.4898710e+004
  1.4929639e+004
  1.4943538e+004
  1.4964633e+004
  1.4986291e+004
  1.4992016e+004
  1.5017203e+004
  1.5012592e+004
  1.5050159e+004
  1.5074415e+004
  1.5089977e+004
  1.5055230e+004
  1.5084399e+004
  1.5134302e+004
  1.5143491e+004
  1.5151862e+004
  1.5178869e+004
  1.5200935e+004
  1.5198220e+004
  1.5229064e+004
  1.5261888e+004
  1.5252136e+004
  1.5288068e+004
  1.5287775e+004
  1.5303279e+004
  1.5333768e+004
  1.5363920e+004
  1.5383258e+004
  1.5400280e+004
  1.5407274e+004
  1.5428668e+004
  1.5437259e+004
  1.5457536e+004
  1.5472230e+004
  1.5503486e+004
  1.5517287e+004
  1.5522917e+004
  1.5555866e+004
  1.5569350e+004
  1.5596731e+004
  1.5593302e+004
  1.5621157e+004
  1.5612673e+004
  1.5655601e+004
  1.5682716e+004
  1.5689331e+004
  1.5715925e+004
  1.5725695e+004
  1.5746800e+004
  1.5768343e+004
  1.5798675e+004
  1.5798307e+004
  1.5813914e+004
  1.5837738e+004
  1.5837544e+004
  1.5856151e+004
  1.5886029e+004
  1.5889504e+004
  1.5912386e+004
  1.5922660e+004
  1.5975435e+004
  1.5952828e+004
  1.5989466e+004
  1.6017192e+004
  1.6030615e+004
  1.6052016e+004
  1.6070863e+004
  1.6082803e+004
  1.6102688e+004
  1.6113408e+004
  1.6146908e+004
  1.6166033e+004
  1.6174379e+004
  1.6196026e+004
  1.6187732e+004
  1.6227897e+004
  1.6243043e+004
  1.6240565e+004
  1.6282473e+004
  1.6296731e+004
  1.6311587e+004
  1.6339306e+004
  1.6333065e+004
  1.6397329e+004
  1.6378469e+004
  1.6427717e+004
  1.6418428e+004
  1.6448089e+004
  1.6463600e+004
  1.6481082e+004
  1.6501100e+004
  1.6523973e+004
  1.6523101e+004
  1.6577788e+004
  1.6576462e+004
  1.6594397e+004
  1.6608056e+004
  1.6627915e+004
  1.6642048e+004
  1.6671481e+004
  1.6682165e+004
  1.6711401e+004
  1.6730767e+004
  1.6724183e+004
  1.6755181e+004
  1.6762114e+004
  1.6793431e+004
  1.6817992e+004
  1.6827090e+004
  1.6850804e+004
  1.6865368e+004
  1.6876571e+004
  1.6885549e+004
  1.6915925e+004
  1.6945906e+004
  1.6943609e+004
  1.6970679e+004
  1.6976642e+004
  1.7016557e+004
  1.7016836e+004
  1.7065203e+004
  1.7058021e+004
  1.7086208e+004
  1.7083608e+004
  1.7128742e+004
  1.7141901e+004
  1.7148084e+004
  1.7181752e+004
  1.7205255e+004
  1.7215085e+004
  1.7226757e+004
  1.7240286e+004
  1.7267709e+004
  1.7279975e+004
  1.7325448e+004
  1.7315776e+004
  1.7340949e+004
  1.7346542e+004
  1.7384577e+004
  1.7401587e+004
  1.7410942e+004
  1.7432186e+004
  1.7454723e+004
  1.7471563e+004
  1.7477035e+004
  1.7502731e+004
  1.7540019e+004
  1.7564918e+004
  1.7549439e+004
  1.7595608e+004
  1.7608273e+004
  1.7622883e+004
  1.7638256e+004
  1.7663628e+004
  1.7685794e+004
  1.7703396e+004
  1.7719788e+004
  1.7731401e+004
  1.7745594e+004
  1.7793740e+004
  1.7779229e+004
  1.7799790e+004
  1.7831338e+004
  1.7842351e+004
  1.7846984e+004
  1.7897916e+004
  1.7892587e+004
  1.7931526e+004
  1.7948897e+004
  1.7958725e+004
  1.7969569e+004
  1.7999121e+004
  1.8007641e+004
  1.8049381e+004
  1.8071212e+004
  1.8068036e+004
  1.8099820e+004
  1.8112306e+004
  1.8131587e+004
  1.8142283e+004
  1.8182510e+004
  1.8184620e+004
  1.8214294e+004
  1.8217253e+004
  1.8245142e+004
  1.8237723e+004
  1.8278634e+004
  1.8315842e+004
  1.8308534e+004
  1.8341335e+004
  1.8363536e+004
  1.8380578e+004
  1.8400735e+004
  1.8412079e+004
  1.8454276e+004
  1.8450248e+004
  1.8480422e+004
  1.8492917e+004
  1.8518476e+004
  1.8537070e+004
  1.8562248e+004
  1.8575919e+004
  1.8598019e+004
  1.8600813e+004
  1.8625149e+004
  1.8650481e+004
  1.8674642e+004
  1.8684221e+004
  1.8701915e+004
  1.8732876e+004
  1.8751955e+004
  1.8771955e+004
  1.8819625e+004
  1.8806033e+004
  1.8837214e+004
  1.8850095e+004
  1.8853481e+004
  1.8877230e+004
  1.8887658e+004
  1.8935459e+004
  1.8930750e+004
  1.8964604e+004
  1.8988850e+004
  1.8990205e+004
  1.9014944e+004
  1.9036802e+004
  1.9088270e+004
  1.9065448e+004
  1.9092007e+004
  1.9101702e+004
  1.9136704e+004
  1.9144095e+004
  1.9193199e+004
  1.9190267e+004
  1.9201100e+004
  1.9228376e+004
  1.9256707e+004
  1.9278905e+004
  1.9287935e+004
  1.9316332e+004
  1.9322745e+004
  1.9340799e+004
  1.9361973e+004
  1.9398238e+004
  1.9415136e+004
  1.9413455e+004
  1.9461523e+004
  1.9460197e+004
  1.9453719e+004
  1.9506529e+004
  1.9543479e+004
  1.9533174e+004
  1.9565832e+004
  1.9603458e+004
  1.9612243e+004
  1.9624996e+004
  1.9632487e+004
  1.9652161e+004
  1.9675569e+004
  1.9689545e+004
  1.9716481e+004
  1.9755168e+004
  1.9779878e+004
  1.9780725e+004
  1.9796900e+004
  1.9824005e+004
  1.9844621e+004
  1.9854019e+004
  1.9876413e+004
  1.9883151e+004
  1.9934316e+004
  1.9955694e+004
  1.9954957e+004
  1.9986159e+004
  1.9988844e+004
  2.0023752e+004
  2.0049269e+004
