  4.5674352e-003  6.6688312e-002
  1.6523943e-002  1.4375889e-001
  3.7088996e-002  2.4300622e-001
  6.6564257e-002  3.3927205e-001
  1.0490315e-001  4.8293576e-001
  1.5831065e-001  6.0427113e-001
  2.2364212e-001  6.8762414e-001
  2.9606835e-001  8.0191063e-001
  3.8056764e-001  9.1907056e-001
  4.7588096e-001  9.9025128e-001
  5.7950621e-001  1.1040512e+000
  6.9562324e-001  1.2298562e+000
  8.2479970e-001  1.3058071e+000
  9.6022369e-001  1.3737254e+000
  1.1015397e+000  1.5020282e+000
  1.2572713e+000  1.6064146e+000
  1.4207421e+000  1.7052309e+000
  1.5968796e+000  1.8153857e+000
  1.7840095e+000  1.9025138e+000
  1.9782518e+000  2.0021235e+000
  2.1834642e+000  2.0957664e+000
  2.3961668e+000  2.2043300e+000
  2.6223308e+000  2.3158872e+000
  2.8595966e+000  2.4272652e+000
  3.1069456e+000  2.5213474e+000
  3.3638464e+000  2.6237163e+000
  3.6326615e+000  2.7166968e+000
  3.9101302e+000  2.8355146e+000
  4.1988937e+000  2.9402723e+000
  4.4971789e+000  3.0619182e+000
  4.8087606e+000  3.1636779e+000
  5.1295688e+000  3.2725510e+000
  5.4626051e+000  3.3839302e+000
  5.8057325e+000  3.4601747e+000
  6.1577363e+000  3.5498020e+000
  6.5179506e+000  3.6502313e+000
  6.8870266e+000  3.7427427e+000
  7.2652449e+000  3.8721923e+000
  7.6562468e+000  3.9713678e+000
  8.0570343e+000  4.0661457e+000
  8.4687776e+000  4.1792751e+000
  8.8912445e+000  4.2740263e+000
  9.3223276e+000  4.3926506e+000
  9.7659476e+000  4.5087652e+000
  1.0220834e+001  4.6355569e+000
  1.0690869e+001  4.7583175e+000
  1.1170409e+001  4.8568589e+000
  1.1660251e+001  4.9668143e+000
  1.2161386e+001  5.0498792e+000
  1.2672037e+001  5.1327952e+000
  1.3190197e+001  5.2314894e+000
  1.3717750e+001  5.3284960e+000
  1.4255520e+001  5.4591990e+000
  1.4805093e+001  5.5685867e+000
  1.5366987e+001  5.6560361e+000
  1.5938144e+001  5.7519623e+000
  1.6518473e+001  5.8838211e+000
  1.7110274e+001  5.9822478e+000
  1.7712475e+001  6.0575608e+000
  1.8322801e+001  6.1586768e+000
  1.8943204e+001  6.2660960e+000
  1.9576926e+001  6.3389501e+000
  2.0216859e+001  6.4311541e+000
  2.0865290e+001  6.5622189e+000
  2.1528469e+001  6.6723098e+000
  2.2200360e+001  6.7495142e+000
  2.2881502e+001  6.8271900e+000
  2.3568619e+001  6.9382137e+000
  2.4267527e+001  6.9981224e+000
  2.4972801e+001  7.0917023e+000
  2.5686340e+001  7.1451981e+000
  2.6406915e+001  7.2429336e+000
  2.7137153e+001  7.3005251e+000
  2.7871501e+001  7.3801624e+000
  2.8616038e+001  7.4793936e+000
  2.9368282e+001  7.5795441e+000
  3.0131823e+001  7.6745199e+000
  3.0904943e+001  7.7729535e+000
  3.1689548e+001  7.8834463e+000
  3.2483805e+001  7.9845651e+000
  3.3287747e+001  8.0844650e+000
  3.4102470e+001  8.2217330e+000
  3.4929747e+001  8.3055800e+000
  3.5762941e+001  8.4253823e+000
  3.6610740e+001  8.5496512e+000
  3.7470572e+001  8.6242412e+000
  3.8337293e+001  8.7298588e+000
  3.9213945e+001  8.8513125e+000
  4.0104065e+001  8.9512962e+000
  4.1004591e+001  9.0460159e+000
  4.1913164e+001  9.1508778e+000
  4.2832905e+001  9.2320504e+000
  4.3760089e+001  9.3240170e+000
  4.4697374e+001  9.4452994e+000
  4.5645387e+001  9.5454941e+000
  4.6605253e+001  9.6554906e+000
  4.7575254e+001  9.7607068e+000
  4.8555744e+001  9.9034330e+000
  4.9549678e+001  1.0038835e+001
  5.0557442e+001  1.0151242e+001
  5.1576671e+001  1.0253945e+001
  5.2605902e+001  1.0377620e+001
  5.3649200e+001  1.0463291e+001
  5.4700843e+001  1.0565428e+001
  5.5762111e+001  1.0709679e+001
  5.6836134e+001  1.0776068e+001
  5.7918555e+001  1.0876246e+001
  5.9010457e+001  1.0961817e+001
  6.0111618e+001  1.1067394e+001
  6.1223980e+001  1.1132382e+001
  6.2343029e+001  1.1245109e+001
  6.3472867e+001  1.1331649e+001
  6.4608583e+001  1.1441115e+001
  6.5757104e+001  1.1528021e+001
  6.6914858e+001  1.1635608e+001
  6.8082919e+001  1.1734888e+001
  6.9260450e+001  1.1860739e+001
  7.0452805e+001  1.1950784e+001
  7.1653691e+001  1.2051608e+001
  7.2863763e+001  1.2111431e+001
  7.4078925e+001  1.2197662e+001
  7.5302782e+001  1.2289405e+001
  7.6538342e+001  1.2391023e+001
  7.7781320e+001  1.2525736e+001
  7.9040528e+001  1.2600617e+001
  8.0305391e+001  1.2706767e+001
  8.1580090e+001  1.2797831e+001
  8.2867246e+001  1.2902417e+001
  8.4163189e+001  1.2992665e+001
  8.5468563e+001  1.3068114e+001
  8.6781715e+001  1.3175875e+001
  8.8102595e+001  1.3280433e+001
  8.9435002e+001  1.3360380e+001
  9.0774986e+001  1.3458950e+001
  9.2127254e+001  1.3562546e+001
  9.3490143e+001  1.3679051e+001
  9.4863720e+001  1.3768889e+001
  9.6245877e+001  1.3881389e+001
  9.7640551e+001  1.3990077e+001
  9.9045029e+001  1.4115564e+001
  1.0046297e+002  1.4241961e+001
  1.0188986e+002  1.4377736e+001
  1.0333265e+002  1.4469616e+001
  1.0478483e+002  1.4542127e+001
  1.0624384e+002  1.4657245e+001
  1.0771322e+002  1.4786882e+001
  1.0919878e+002  1.4862703e+001
  1.1068928e+002  1.4960559e+001
  1.1218937e+002  1.5012975e+001
  1.1369593e+002  1.5109298e+001
  1.1521174e+002  1.5212668e+001
  1.1673730e+002  1.5322831e+001
  1.1827481e+002  1.5403642e+001
  1.1982092e+002  1.5485832e+001
  1.2137427e+002  1.5584322e+001
  1.2293562e+002  1.5681452e+001
  1.2450942e+002  1.5773909e+001
  1.2609206e+002  1.5866239e+001
  1.2768374e+002  1.5991314e+001
  1.2928845e+002  1.6071153e+001
  1.3089815e+002  1.6166676e+001
  1.3251939e+002  1.6262618e+001
  1.3414952e+002  1.6346318e+001
  1.3578857e+002  1.6477066e+001
  1.3743941e+002  1.6567982e+001
  1.3910132e+002  1.6663569e+001
  1.4077194e+002  1.6762279e+001
  1.4245378e+002  1.6835809e+001
  1.4414221e+002  1.6940770e+001
  1.4584303e+002  1.7073210e+001
  1.4755544e+002  1.7157058e+001
  1.4927474e+002  1.7249567e+001
  1.5100645e+002  1.7364631e+001
  1.5274762e+002  1.7466288e+001
  1.5450149e+002  1.7572826e+001
  1.5626445e+002  1.7683921e+001
  1.5803910e+002  1.7784804e+001
  1.5982281e+002  1.7904738e+001
  1.6161774e+002  1.8022982e+001
  1.6342470e+002  1.8133812e+001
  1.6524251e+002  1.8203840e+001
  1.6706845e+002  1.8305510e+001
  1.6890367e+002  1.8421413e+001
  1.7074955e+002  1.8534746e+001
  1.7260672e+002  1.8622646e+001
  1.7447454e+002  1.8717098e+001
  1.7635036e+002  1.8797368e+001
  1.7823269e+002  1.8883481e+001
  1.8012636e+002  1.8995452e+001
  1.8203081e+002  1.9042752e+001
  1.8393921e+002  1.9137443e+001
  1.8585679e+002  1.9249044e+001
  1.8778635e+002  1.9366886e+001
  1.8972693e+002  1.9466367e+001
  1.9167931e+002  1.9576371e+001
  1.9364139e+002  1.9661303e+001
  1.9561227e+002  1.9758306e+001
  1.9759342e+002  1.9912112e+001
  1.9958821e+002  2.0017048e+001
  2.0159506e+002  2.0083186e+001
  2.0360952e+002  2.0214225e+001
  2.0563518e+002  2.0323078e+001
  2.0767142e+002  2.0427113e+001
  2.0971784e+002  2.0508054e+001
  2.1177364e+002  2.0618544e+001
  2.1384098e+002  2.0702803e+001
  2.1591609e+002  2.0786478e+001
  2.1799982e+002  2.0867732e+001
  2.2009327e+002  2.0979605e+001
  2.2219634e+002  2.1076433e+001
  2.2430879e+002  2.1177943e+001
  2.2643090e+002  2.1272575e+001
  2.2856340e+002  2.1374624e+001
  2.3070362e+002  2.1464409e+001
  2.3285543e+002  2.1567992e+001
  2.3501562e+002  2.1674780e+001
  2.3718859e+002  2.1786755e+001
  2.3937259e+002  2.1880052e+001
  2.4156521e+002  2.1960985e+001
  2.4376754e+002  2.2049414e+001
  2.4597821e+002  2.2150204e+001
  2.4819653e+002  2.2229529e+001
  2.5042666e+002  2.2338161e+001
  2.5266550e+002  2.2431848e+001
  2.5491371e+002  2.2548207e+001
  2.5717329e+002  2.2645933e+001
  2.5944209e+002  2.2741161e+001
  2.6172018e+002  2.2859912e+001
  2.6401046e+002  2.2936522e+001
  2.6630843e+002  2.3002006e+001
  2.6861508e+002  2.3115452e+001
  2.7093076e+002  2.3200407e+001
  2.7325695e+002  2.3288246e+001
  2.7559100e+002  2.3380777e+001
  2.7793436e+002  2.3444399e+001
  2.8028582e+002  2.3542960e+001
  2.8264487e+002  2.3646425e+001
  2.8501433e+002  2.3735991e+001
  2.8739206e+002  2.3852142e+001
  2.8978302e+002  2.3969100e+001
  2.9218546e+002  2.4089757e+001
  2.9459980e+002  2.4189021e+001
  2.9702343e+002  2.4285812e+001
  2.9945505e+002  2.4367623e+001
  3.0189509e+002  2.4492884e+001
  3.0434732e+002  2.4595103e+001
  3.0681188e+002  2.4698342e+001
  3.0928689e+002  2.4815985e+001
  3.1177424e+002  2.4926146e+001
  3.1427214e+002  2.5006489e+001
  3.1677777e+002  2.5113576e+001
  3.1929494e+002  2.5215767e+001
  3.2182193e+002  2.5289630e+001
  3.2435639e+002  2.5379414e+001
  3.2689874e+002  2.5479829e+001
  3.2945291e+002  2.5595254e+001
  3.3201772e+002  2.5711775e+001
  3.3459476e+002  2.5827271e+001
  3.3718372e+002  2.5946443e+001
  3.3978237e+002  2.6060147e+001
  3.4239278e+002  2.6173883e+001
  3.4501623e+002  2.6247062e+001
  3.4764430e+002  2.6318209e+001
  3.5028098e+002  2.6395602e+001
  3.5292496e+002  2.6477675e+001
  3.5557624e+002  2.6583945e+001
  3.5824016e+002  2.6690815e+001
  3.6091355e+002  2.6804418e+001
  3.6359989e+002  2.6861956e+001
  3.6629035e+002  2.6946489e+001
  3.6898967e+002  2.7065904e+001
  3.7170227e+002  2.7156397e+001
  3.7442331e+002  2.7278724e+001
  3.7715589e+002  2.7351288e+001
  3.7989635e+002  2.7431334e+001
  3.8264559e+002  2.7536233e+001
  3.8540462e+002  2.7660553e+001
  3.8817465e+002  2.7764661e+001
  3.9095586e+002  2.7914567e+001
  3.9375146e+002  2.8030805e+001
  3.9656030e+002  2.8096547e+001
  3.9937335e+002  2.8218737e+001
  4.0220061e+002  2.8338042e+001
  4.0503945e+002  2.8419522e+001
  4.0788560e+002  2.8486221e+001
  4.1073981e+002  2.8597305e+001
  4.1360460e+002  2.8706453e+001
  4.1648050e+002  2.8848068e+001
  4.1937065e+002  2.8953866e+001
  4.2227045e+002  2.9071621e+001
  4.2518346e+002  2.9190896e+001
  4.2810749e+002  2.9317237e+001
  4.3104278e+002  2.9414243e+001
  4.3398748e+002  2.9505894e+001
  4.3694379e+002  2.9612681e+001
  4.3991034e+002  2.9709770e+001
  4.4288661e+002  2.9833067e+001
  4.4587356e+002  2.9935485e+001
  4.4887268e+002  3.0029482e+001
  4.5188045e+002  3.0100141e+001
  4.5489590e+002  3.0211448e+001
  4.5792288e+002  3.0266701e+001
  4.6095455e+002  3.0334409e+001
  4.6399320e+002  3.0438828e+001
  4.6704163e+002  3.0566817e+001
  4.7010334e+002  3.0682793e+001
  4.7317676e+002  3.0750410e+001
  4.7625723e+002  3.0835665e+001
  4.7934441e+002  3.0944871e+001
  4.8244428e+002  3.1024604e+001
  4.8555218e+002  3.1092799e+001
  4.8866538e+002  3.1212844e+001
  4.9179238e+002  3.1297886e+001
  4.9492694e+002  3.1380820e+001
  4.9807013e+002  3.1458159e+001
  5.0122067e+002  3.1571255e+001
  5.0438220e+002  3.1661619e+001
  5.0755512e+002  3.1790167e+001
  5.1073947e+002  3.1891559e+001
  5.1393320e+002  3.1991139e+001
  5.1713631e+002  3.2077846e+001
  5.2034791e+002  3.2162336e+001
  5.2357067e+002  3.2241291e+001
  5.2679901e+002  3.2335020e+001
  5.3003877e+002  3.2452190e+001
  5.3328863e+002  3.2563261e+001
  5.3654975e+002  3.2654750e+001
  5.3981935e+002  3.2756346e+001
  5.4309857e+002  3.2848661e+001
  5.4638814e+002  3.2942636e+001
  5.4968850e+002  3.3069119e+001
  5.5299968e+002  3.3173394e+001
  5.5632208e+002  3.3238234e+001
  5.5965123e+002  3.3352553e+001
  5.6298942e+002  3.3437681e+001
  5.6633872e+002  3.3526617e+001
  5.6969515e+002  3.3622824e+001
  5.7306339e+002  3.3712157e+001
  5.7643872e+002  3.3817731e+001
  5.7982709e+002  3.3929216e+001
  5.8322486e+002  3.4035532e+001
  5.8663118e+002  3.4161390e+001
  5.9005232e+002  3.4279083e+001
  5.9348361e+002  3.4349009e+001
  5.9692260e+002  3.4416384e+001
  6.0036885e+002  3.4493158e+001
  6.0382345e+002  3.4554953e+001
  6.0728461e+002  3.4649450e+001
  6.1075365e+002  3.4728577e+001
  6.1423241e+002  3.4854148e+001
  6.1772344e+002  3.4993278e+001
  6.2122739e+002  3.5138039e+001
  6.2474549e+002  3.5249309e+001
  6.2827659e+002  3.5362485e+001
  6.3181480e+002  3.5473297e+001
  6.3536804e+002  3.5604943e+001
  6.3893454e+002  3.5708112e+001
  6.4251193e+002  3.5797779e+001
  6.4609829e+002  3.5856000e+001
  6.4969025e+002  3.5977002e+001
  6.5329269e+002  3.6049565e+001
  6.5690175e+002  3.6161347e+001
  6.6052423e+002  3.6251522e+001
  6.6415462e+002  3.6336813e+001
  6.6779375e+002  3.6448438e+001
  6.7144333e+002  3.6540088e+001
  6.7510216e+002  3.6644440e+001
  6.7877173e+002  3.6757453e+001
  6.8245213e+002  3.6872055e+001
  6.8614349e+002  3.6921378e+001
  6.8984028e+002  3.7009160e+001
  6.9354478e+002  3.7113702e+001
  6.9726043e+002  3.7228857e+001
  7.0098726e+002  3.7323824e+001
  7.0472588e+002  3.7453716e+001
  7.0847485e+002  3.7566892e+001
  7.1223600e+002  3.7730943e+001
  7.1601294e+002  3.7848678e+001
  7.1980385e+002  3.7941380e+001
  7.2360399e+002  3.8045658e+001
  7.2741382e+002  3.8141841e+001
  7.3123370e+002  3.8225911e+001
  7.3506128e+002  3.8311374e+001
  7.3889829e+002  3.8406061e+001
  7.4274350e+002  3.8503184e+001
  7.4659746e+002  3.8566870e+001
  7.5045901e+002  3.8689125e+001
  7.5433340e+002  3.8775538e+001
  7.5821462e+002  3.8861058e+001
  7.6210592e+002  3.8925161e+001
  7.6600364e+002  3.9054547e+001
  7.6991365e+002  3.9153576e+001
  7.7383597e+002  3.9252119e+001
  7.7776610e+002  3.9336100e+001
  7.8170576e+002  3.9402816e+001
  7.8565085e+002  3.9512084e+001
  7.8960641e+002  3.9624541e+001
  7.9357491e+002  3.9741808e+001
  7.9755475e+002  3.9867690e+001
  8.0154738e+002  3.9970264e+001
  8.0554933e+002  4.0050377e+001
  8.0955934e+002  4.0170145e+001
  8.1358283e+002  4.0253869e+001
  8.1761191e+002  4.0336520e+001
  8.2165078e+002  4.0473946e+001
  8.2570277e+002  4.0584171e+001
  8.2976609e+002  4.0693088e+001
  8.3384023e+002  4.0796679e+001
  8.3792657e+002  4.0936618e+001
  8.4202387e+002  4.1043878e+001
  8.4613221e+002  4.1157821e+001
  8.5025280e+002  4.1250259e+001
  8.5438099e+002  4.1317695e+001
  8.5851734e+002  4.1421197e+001
  8.6266322e+002  4.1535197e+001
  8.6682319e+002  4.1624993e+001
  8.7099017e+002  4.1739347e+001
  8.7516960e+002  4.1894783e+001
  8.7936451e+002  4.1955447e+001
  8.8356317e+002  4.2053288e+001
  8.8777282e+002  4.2135241e+001
  8.9199229e+002  4.2266248e+001
  8.9622336e+002  4.2369834e+001
  9.0046440e+002  4.2441683e+001
  9.0471350e+002  4.2555126e+001
  9.0897401e+002  4.2655527e+001
  9.1324644e+002  4.2751127e+001
  9.1752625e+002  4.2839736e+001
  9.2181484e+002  4.2922850e+001
  9.2611167e+002  4.2991891e+001
  9.3041677e+002  4.3139283e+001
  9.3473611e+002  4.3260335e+001
  9.3906844e+002  4.3356614e+001
  9.4340844e+002  4.3441429e+001
  9.4775840e+002  4.3542819e+001
  9.5211951e+002  4.3655901e+001
  9.5648972e+002  4.3760055e+001
  9.6087062e+002  4.3866830e+001
  9.6526090e+002  4.3946219e+001
  9.6966069e+002  4.4073115e+001
  9.7407374e+002  4.4189355e+001
  9.7849758e+002  4.4273352e+001
  9.8293115e+002  4.4399271e+001
  9.8737630e+002  4.4511886e+001
  9.9183271e+002  4.4618992e+001
  9.9629900e+002  4.4745908e+001
  1.0007762e+003  4.4824062e+001
  1.0052616e+003  4.4955415e+001
  1.0097628e+003  4.5032827e+001
  1.0142728e+003  4.5147347e+001
  1.0187931e+003  4.5246179e+001
  1.0233249e+003  4.5319123e+001
  1.0278622e+003  4.5460583e+001
  1.0324147e+003  4.5550535e+001
  1.0369755e+003  4.5631571e+001
  1.0415454e+003  4.5733347e+001
  1.0461231e+003  4.5889083e+001
  1.0507173e+003  4.5970801e+001
  1.0553190e+003  4.6082567e+001
  1.0599306e+003  4.6144122e+001
  1.0645501e+003  4.6292454e+001
  1.0691845e+003  4.6411408e+001
  1.0738295e+003  4.6479561e+001
  1.0784830e+003  4.6612471e+001
  1.0831502e+003  4.6753459e+001
  1.0878306e+003  4.6821250e+001
  1.0925184e+003  4.6905636e+001
  1.0972161e+003  4.7012723e+001
  1.1019237e+003  4.7112454e+001
  1.1066393e+003  4.7227566e+001
  1.1113685e+003  4.7332477e+001
  1.1161071e+003  4.7431074e+001
  1.1208557e+003  4.7557068e+001
  1.1256157e+003  4.7673213e+001
  1.1303893e+003  4.7773511e+001
  1.1351734e+003  4.7831935e+001
  1.1399605e+003  4.7900769e+001
  1.1447551e+003  4.7992703e+001
  1.1495590e+003  4.8081450e+001
  1.1543713e+003  4.8176283e+001
  1.1591931e+003  4.8276116e+001
  1.1640259e+003  4.8427731e+001
  1.1688747e+003  4.8543287e+001
  1.1737334e+003  4.8644600e+001
  1.1786028e+003  4.8713429e+001
  1.1834787e+003  4.8815321e+001
  1.1883661e+003  4.8925524e+001
  1.1932623e+003  4.9044915e+001
  1.1981704e+003  4.9114230e+001
  1.2030869e+003  4.9197366e+001
  1.2080116e+003  4.9272492e+001
  1.2129439e+003  4.9375474e+001
  1.2178856e+003  4.9506480e+001
  1.2228411e+003  4.9612770e+001
  1.2278077e+003  4.9722283e+001
  1.2327849e+003  4.9848578e+001
  1.2377765e+003  4.9940332e+001
  1.2427762e+003  5.0044735e+001
  1.2477863e+003  5.0122575e+001
  1.2528029e+003  5.0229656e+001
  1.2578287e+003  5.0316363e+001
  1.2628650e+003  5.0470400e+001
  1.2679165e+003  5.0581345e+001
  1.2729792e+003  5.0671416e+001
  1.2780514e+003  5.0786386e+001
  1.2831354e+003  5.0907941e+001
  1.2882298e+003  5.0997757e+001
  1.2933326e+003  5.1082548e+001
  1.2984452e+003  5.1180253e+001
  1.3035677e+003  5.1218778e+001
  1.3086942e+003  5.1347340e+001
  1.3138348e+003  5.1458173e+001
  1.3189880e+003  5.1598583e+001
  1.3241529e+003  5.1709397e+001
  1.3293283e+003  5.1804176e+001
  1.3345147e+003  5.1910244e+001
  1.3397102e+003  5.2027593e+001
  1.3449179e+003  5.2142579e+001
  1.3501384e+003  5.2241369e+001
  1.3553681e+003  5.2354240e+001
  1.3606095e+003  5.2478812e+001
  1.3658617e+003  5.2566936e+001
  1.3711246e+003  5.2635958e+001
  1.3763935e+003  5.2752481e+001
  1.3816736e+003  5.2855038e+001
  1.3869645e+003  5.2952958e+001
  1.3922644e+003  5.3053281e+001
  1.3975751e+003  5.3154656e+001
  1.4028961e+003  5.3290311e+001
  1.4082316e+003  5.3396650e+001
  1.4135769e+003  5.3532222e+001
  1.4189342e+003  5.3639742e+001
  1.4243033e+003  5.3735697e+001
  1.4296813e+003  5.3851887e+001
  1.4350718e+003  5.3934659e+001
  1.4404695e+003  5.4040268e+001
  1.4458797e+003  5.4138997e+001
  1.4512968e+003  5.4240189e+001
  1.4567242e+003  5.4362263e+001
  1.4621656e+003  5.4440309e+001
  1.4676143e+003  5.4558591e+001
  1.4730764e+003  5.4665039e+001
  1.4785480e+003  5.4762936e+001
  1.4840300e+003  5.4870294e+001
  1.4895212e+003  5.4983397e+001
  1.4950237e+003  5.5057873e+001
  1.5005346e+003  5.5141833e+001
  1.5060550e+003  5.5272397e+001
  1.5115879e+003  5.5374062e+001
  1.5171316e+003  5.5439049e+001
  1.5226829e+003  5.5525666e+001
  1.5282401e+003  5.5652037e+001
  1.5338104e+003  5.5737319e+001
  1.5393902e+003  5.5840058e+001
  1.5449783e+003  5.5910496e+001
  1.5505748e+003  5.6016931e+001
  1.5561822e+003  5.6121599e+001
  1.5617995e+003  5.6225193e+001
  1.5674260e+003  5.6319288e+001
  1.5730647e+003  5.6392615e+001
  1.5787089e+003  5.6494827e+001
  1.5843624e+003  5.6574736e+001
  1.5900252e+003  5.6669790e+001
  1.5956980e+003  5.6756946e+001
  1.6013795e+003  5.6862973e+001
  1.6070707e+003  5.6962380e+001
  1.6127714e+003  5.7081028e+001
  1.6184842e+003  5.7129036e+001
  1.6242027e+003  5.7247892e+001
  1.6299324e+003  5.7349527e+001
  1.6356706e+003  5.7436320e+001
  1.6414214e+003  5.7539656e+001
  1.6471806e+003  5.7647546e+001
  1.6529505e+003  5.7710789e+001
  1.6587274e+003  5.7806097e+001
  1.6645127e+003  5.7890172e+001
  1.6703067e+003  5.7996652e+001
  1.6761103e+003  5.8098641e+001
  1.6819259e+003  5.8236307e+001
  1.6877544e+003  5.8336930e+001
  1.6935914e+003  5.8446506e+001
  1.6994414e+003  5.8547565e+001
  1.7053014e+003  5.8661931e+001
  1.7111728e+003  5.8741807e+001
  1.7170531e+003  5.8790260e+001
  1.7229375e+003  5.8873040e+001
  1.7288325e+003  5.8954952e+001
  1.7347333e+003  5.9040350e+001
  1.7406409e+003  5.9128513e+001
  1.7465573e+003  5.9226780e+001
  1.7524846e+003  5.9346506e+001
  1.7584272e+003  5.9421534e+001
  1.7643751e+003  5.9509993e+001
  1.7703328e+003  5.9625994e+001
  1.7763002e+003  5.9731934e+001
  1.7822782e+003  5.9829964e+001
  1.7882666e+003  5.9929450e+001
  1.7942643e+003  6.0006147e+001
  1.8002711e+003  6.0085678e+001
  1.8062842e+003  6.0189133e+001
  1.8123079e+003  6.0286218e+001
  1.8183415e+003  6.0398583e+001
  1.8243864e+003  6.0530743e+001
  1.8304432e+003  6.0616264e+001
  1.8365104e+003  6.0689555e+001
  1.8425833e+003  6.0734491e+001
  1.8486609e+003  6.0857198e+001
  1.8547527e+003  6.0978120e+001
  1.8608549e+003  6.1055273e+001
  1.8669650e+003  6.1147586e+001
  1.8730852e+003  6.1255208e+001
  1.8792166e+003  6.1331638e+001
  1.8853542e+003  6.1412048e+001
  1.8915004e+003  6.1501450e+001
  1.8976563e+003  6.1612221e+001
  1.9038212e+003  6.1700008e+001
  1.9099963e+003  6.1813838e+001
  1.9161826e+003  6.1912048e+001
  1.9223780e+003  6.2020506e+001
  1.9285856e+003  6.2138010e+001
  1.9348052e+003  6.2221914e+001
  1.9410317e+003  6.2315720e+001
  1.9472691e+003  6.2403461e+001
  1.9535164e+003  6.2509360e+001
  1.9597729e+003  6.2586532e+001
  1.9660366e+003  6.2683169e+001
  1.9723089e+003  6.2782174e+001
  1.9785918e+003  6.2853675e+001
  1.9848833e+003  6.2932789e+001
  1.9911826e+003  6.3034319e+001
  1.9974904e+003  6.3157706e+001
  2.0038109e+003  6.3257801e+001
  2.0101412e+003  6.3334644e+001
  2.0164804e+003  6.3451982e+001
  2.0228307e+003  6.3552511e+001
  2.0291909e+003  6.3680702e+001
  2.0355649e+003  6.3803519e+001
  2.0419504e+003  6.3889646e+001
  2.0483433e+003  6.4027806e+001
  2.0547503e+003  6.4107991e+001
  2.0611666e+003  6.4225775e+001
  2.0675940e+003  6.4356722e+001
  2.0740355e+003  6.4422241e+001
  2.0804823e+003  6.4507609e+001
  2.0869362e+003  6.4606562e+001
  2.0934007e+003  6.4691479e+001
  2.0998746e+003  6.4790154e+001
  2.1063601e+003  6.4867794e+001
  2.1128520e+003  6.4962134e+001
  2.1193539e+003  6.5055207e+001
  2.1258638e+003  6.5137096e+001
  2.1323825e+003  6.5180800e+001
  2.1389062e+003  6.5295863e+001
  2.1454402e+003  6.5403178e+001
  2.1519861e+003  6.5464062e+001
  2.1585391e+003  6.5578713e+001
  2.1651011e+003  6.5667933e+001
  2.1716724e+003  6.5732884e+001
  2.1782516e+003  6.5833704e+001
  2.1848406e+003  6.5972190e+001
  2.1914405e+003  6.6099804e+001
  2.1980550e+003  6.6187238e+001
  2.2046783e+003  6.6279190e+001
  2.2113115e+003  6.6416807e+001
  2.2179576e+003  6.6550985e+001
  2.2246163e+003  6.6635866e+001
  2.2312852e+003  6.6739440e+001
  2.2379632e+003  6.6863218e+001
  2.2446568e+003  6.7009240e+001
  2.2513632e+003  6.7106856e+001
  2.2580785e+003  6.7202960e+001
  2.2648042e+003  6.7275662e+001
  2.2715394e+003  6.7374587e+001
  2.2782798e+003  6.7458537e+001
  2.2850309e+003  6.7576327e+001
  2.2917932e+003  6.7662251e+001
  2.2985648e+003  6.7790997e+001
  2.3053495e+003  6.7913484e+001
  2.3121446e+003  6.8013020e+001
  2.3189533e+003  6.8131054e+001
  2.3257717e+003  6.8189881e+001
  2.3325954e+003  6.8315594e+001
  2.3394317e+003  6.8414881e+001
  2.3462795e+003  6.8507765e+001
  2.3531354e+003  6.8616433e+001
  2.3599993e+003  6.8705732e+001
  2.3668743e+003  6.8834435e+001
  2.3737634e+003  6.8932007e+001
  2.3806606e+003  6.9011246e+001
  2.3875676e+003  6.9152681e+001
  2.3944885e+003  6.9283193e+001
  2.4014211e+003  6.9352563e+001
  2.4083618e+003  6.9446098e+001
  2.4153100e+003  6.9568972e+001
  2.4222724e+003  6.9694129e+001
  2.4292473e+003  6.9765772e+001
  2.4362274e+003  6.9836147e+001
  2.4432158e+003  6.9929803e+001
  2.4502138e+003  7.0029474e+001
  2.4572212e+003  7.0108372e+001
  2.4642366e+003  7.0240922e+001
  2.4712647e+003  7.0337867e+001
  2.4783050e+003  7.0416863e+001
  2.4853520e+003  7.0561807e+001
  2.4924152e+003  7.0659422e+001
  2.4994875e+003  7.0757933e+001
  2.5065676e+003  7.0852931e+001
  2.5136593e+003  7.0935983e+001
  2.5207578e+003  7.0976439e+001
  2.5278613e+003  7.1068322e+001
  2.5349722e+003  7.1179428e+001
  2.5420946e+003  7.1302589e+001
  2.5492298e+003  7.1374468e+001
  2.5563724e+003  7.1438135e+001
  2.5635215e+003  7.1540519e+001
  2.5706801e+003  7.1640624e+001
  2.5778492e+003  7.1759143e+001
  2.5850293e+003  7.1846699e+001
  2.5922169e+003  7.1947373e+001
  2.5994161e+003  7.2024101e+001
  2.6066240e+003  7.2159594e+001
  2.6138440e+003  7.2259625e+001
  2.6210734e+003  7.2373628e+001
  2.6283157e+003  7.2472955e+001
  2.6355673e+003  7.2571911e+001
  2.6428292e+003  7.2649499e+001
  2.6500996e+003  7.2772151e+001
  2.6573809e+003  7.2906170e+001
  2.6646757e+003  7.2989419e+001
  2.6719803e+003  7.3097110e+001
  2.6792946e+003  7.3219472e+001
  2.6866212e+003  7.3355808e+001
  2.6939620e+003  7.3442317e+001
  2.7013126e+003  7.3551559e+001
  2.7086718e+003  7.3675474e+001
  2.7160437e+003  7.3812146e+001
  2.7234295e+003  7.3913943e+001
  2.7308262e+003  7.4029578e+001
  2.7382339e+003  7.4122101e+001
  2.7456494e+003  7.4221022e+001
  2.7530786e+003  7.4332470e+001
  2.7605158e+003  7.4420872e+001
  2.7679638e+003  7.4509933e+001
  2.7754198e+003  7.4615163e+001
  2.7828862e+003  7.4723877e+001
  2.7903636e+003  7.4789332e+001
  2.7978476e+003  7.4885635e+001
  2.8053422e+003  7.4950001e+001
  2.8128430e+003  7.5040878e+001
  2.8203517e+003  7.5118738e+001
  2.8278679e+003  7.5214340e+001
  2.8353945e+003  7.5304424e+001
  2.8429298e+003  7.5415680e+001
  2.8504751e+003  7.5494020e+001
  2.8580280e+003  7.5607491e+001
  2.8655944e+003  7.5708975e+001
  2.8731696e+003  7.5818483e+001
  2.8807565e+003  7.5932317e+001
  2.8883547e+003  7.6001364e+001
  2.8959596e+003  7.6067849e+001
  2.9035713e+003  7.6161834e+001
  2.9111932e+003  7.6253747e+001
  2.9188269e+003  7.6366276e+001
  2.9264678e+003  7.6486958e+001
  2.9341219e+003  7.6604856e+001
  2.9417873e+003  7.6725246e+001
  2.9494658e+003  7.6816844e+001
  2.9571516e+003  7.6901413e+001
  2.9648478e+003  7.6997076e+001
  2.9725532e+003  7.7141507e+001
  2.9802735e+003  7.7217930e+001
  2.9880015e+003  7.7322444e+001
  2.9957379e+003  7.7459634e+001
  3.0034914e+003  7.7545809e+001
  3.0112504e+003  7.7653343e+001
  3.0190201e+003  7.7798335e+001
  3.0268057e+003  7.7885518e+001
  3.0345981e+003  7.7999244e+001
  3.0424035e+003  7.8133160e+001
  3.0502253e+003  7.8225266e+001
  3.0580531e+003  7.8315537e+001
  3.0658904e+003  7.8408883e+001
  3.0737367e+003  7.8495833e+001
  3.0815917e+003  7.8594335e+001
  3.0894560e+003  7.8707065e+001
  3.0973317e+003  7.8813391e+001
  3.1052174e+003  7.8919657e+001
  3.1131134e+003  7.8996702e+001
  3.1210171e+003  7.9095909e+001
  3.1289298e+003  7.9165069e+001
  3.1368525e+003  7.9264405e+001
  3.1447839e+003  7.9409525e+001
  3.1527300e+003  7.9515220e+001
  3.1606842e+003  7.9574579e+001
  3.1686463e+003  7.9661923e+001
  3.1766177e+003  7.9779866e+001
  3.1846008e+003  7.9896013e+001
  3.1925934e+003  8.0000877e+001
  3.2006011e+003  8.0099812e+001
  3.2086155e+003  8.0223959e+001
  3.2166446e+003  8.0333105e+001
  3.2246828e+003  8.0436866e+001
  3.2327309e+003  8.0498358e+001
  3.2407860e+003  8.0591106e+001
  3.2488514e+003  8.0708445e+001
  3.2569283e+003  8.0785576e+001
  3.2650118e+003  8.0900511e+001
  3.2731062e+003  8.1022193e+001
  3.2812126e+003  8.1126969e+001
  3.2893300e+003  8.1196211e+001
  3.2974544e+003  8.1317850e+001
  3.3055904e+003  8.1417736e+001
  3.3137365e+003  8.1549182e+001
  3.3218957e+003  8.1647133e+001
  3.3300647e+003  8.1742731e+001
  3.3382441e+003  8.1874358e+001
  3.3464362e+003  8.1991809e+001
  3.3546409e+003  8.2092602e+001
  3.3628559e+003  8.2187164e+001
  3.3710791e+003  8.2296200e+001
  3.3793132e+003  8.2367867e+001
  3.3875567e+003  8.2510023e+001
  3.3958126e+003  8.2611281e+001
  3.4040806e+003  8.2722480e+001
  3.4123566e+003  8.2824383e+001
  3.4206426e+003  8.2937884e+001
  3.4289428e+003  8.3033234e+001
  3.4372504e+003  8.3133515e+001
  3.4455702e+003  8.3235245e+001
  3.4538986e+003  8.3360982e+001
  3.4622394e+003  8.3497866e+001
  3.4705939e+003  8.3594221e+001
  3.4789583e+003  8.3695509e+001
  3.4873319e+003  8.3794949e+001
  3.4957163e+003  8.3896772e+001
  3.5041119e+003  8.3973343e+001
  3.5125162e+003  8.4127427e+001
  3.5209334e+003  8.4239221e+001
  3.5293602e+003  8.4340600e+001
  3.5377997e+003  8.4442440e+001
  3.5462479e+003  8.4513084e+001
  3.5547023e+003  8.4607773e+001
  3.5631687e+003  8.4693803e+001
  3.5716417e+003  8.4755572e+001
  3.5801228e+003  8.4878547e+001
  3.5886172e+003  8.4976107e+001
  3.5971196e+003  8.5064991e+001
  3.6056316e+003  8.5160845e+001
  3.6141549e+003  8.5241697e+001
  3.6226851e+003  8.5288179e+001
  3.6312191e+003  8.5404019e+001
  3.6397651e+003  8.5509833e+001
  3.6483228e+003  8.5620125e+001
  3.6568898e+003  8.5732759e+001
  3.6654673e+003  8.5811931e+001
  3.6740545e+003  8.5938056e+001
  3.6826525e+003  8.6054451e+001
  3.6912628e+003  8.6127385e+001
  3.6998810e+003  8.6245935e+001
  3.7085109e+003  8.6324354e+001
  3.7171473e+003  8.6460426e+001
  3.7257981e+003  8.6550355e+001
  3.7344594e+003  8.6669958e+001
  3.7431318e+003  8.6795892e+001
  3.7518179e+003  8.6875884e+001
  3.7605117e+003  8.6997745e+001
  3.7692166e+003  8.7102859e+001
  3.7779318e+003  8.7230333e+001
  3.7866601e+003  8.7338474e+001
  3.7954010e+003  8.7427770e+001
  3.8041488e+003  8.7540572e+001
  3.8129094e+003  8.7642814e+001
  3.8216793e+003  8.7765080e+001
  3.8304594e+003  8.7879424e+001
  3.8392506e+003  8.7998584e+001
  3.8480560e+003  8.8121955e+001
  3.8568725e+003  8.8221253e+001
  3.8657009e+003  8.8333099e+001
  3.8745401e+003  8.8443666e+001
  3.8833898e+003  8.8558796e+001
  3.8922506e+003  8.8656789e+001
  3.9011226e+003  8.8757944e+001
  3.9100034e+003  8.8862101e+001
  3.9188914e+003  8.8991814e+001
  3.9277947e+003  8.9060324e+001
  3.9367044e+003  8.9168378e+001
  3.9456253e+003  8.9254807e+001
  3.9545565e+003  8.9330921e+001
  3.9634937e+003  8.9423164e+001
  3.9724417e+003  8.9496223e+001
  3.9813956e+003  8.9581009e+001
  3.9903581e+003  8.9663557e+001
  3.9993290e+003  8.9772347e+001
  4.0083120e+003  8.9859260e+001
  4.0173042e+003  8.9906804e+001
  4.0263000e+003  8.9987292e+001
  4.0353030e+003  9.0110909e+001
  4.0443207e+003  9.0207887e+001
  4.0533457e+003  9.0286840e+001
  4.0623772e+003  9.0395018e+001
  4.0714215e+003  9.0477979e+001
  4.0804736e+003  9.0571615e+001
  4.0895364e+003  9.0645713e+001
  4.0986054e+003  9.0721501e+001
  4.1076811e+003  9.0822014e+001
  4.1167665e+003  9.0942227e+001
  4.1258656e+003  9.1049586e+001
  4.1349750e+003  9.1135520e+001
  4.1440935e+003  9.1227449e+001
  4.1532213e+003  9.1349316e+001
  4.1623625e+003  9.1472853e+001
  4.1715144e+003  9.1558874e+001
  4.1806762e+003  9.1667227e+001
  4.1898472e+003  9.1750042e+001
  4.1990288e+003  9.1830157e+001
  4.2082181e+003  9.1931544e+001
  4.2174144e+003  9.2057266e+001
  4.2266254e+003  9.2175941e+001
  4.2358484e+003  9.2286182e+001
  4.2450821e+003  9.2377286e+001
  4.2543247e+003  9.2468648e+001
  4.2635771e+003  9.2569055e+001
  4.2728388e+003  9.2694438e+001
  4.2821133e+003  9.2767442e+001
  4.2913941e+003  9.2876745e+001
  4.3006860e+003  9.2978613e+001
  4.3099885e+003  9.3054250e+001
  4.3192991e+003  9.3166960e+001
  4.3286195e+003  9.3272306e+001
  4.3379515e+003  9.3374413e+001
  4.3472926e+003  9.3479091e+001
  4.3566464e+003  9.3541808e+001
  4.3660061e+003  9.3670890e+001
  4.3753783e+003  9.3771141e+001
  4.3847609e+003  9.3841664e+001
  4.3941502e+003  9.3954271e+001
  4.4035508e+003  9.4092891e+001
  4.4129643e+003  9.4219672e+001
  4.4223932e+003  9.4331939e+001
  4.4318318e+003  9.4473837e+001
  4.4412819e+003  9.4537227e+001
  4.4507392e+003  9.4622073e+001
  4.4602058e+003  9.4689094e+001
  4.4696805e+003  9.4782486e+001
  4.4791639e+003  9.4876618e+001
  4.4886569e+003  9.4931298e+001
  4.4981554e+003  9.5019709e+001
  4.5076627e+003  9.5131272e+001
  4.5171802e+003  9.5218493e+001
  4.5267070e+003  9.5331904e+001
  4.5362460e+003  9.5433464e+001
  4.5457942e+003  9.5541393e+001
  4.5553534e+003  9.5624437e+001
  4.5649206e+003  9.5739296e+001
  4.5745001e+003  9.5838119e+001
  4.5840902e+003  9.5915319e+001
  4.5936856e+003  9.6036290e+001
  4.6032935e+003  9.6143458e+001
  4.6129127e+003  9.6286079e+001
  4.6225469e+003  9.6393388e+001
  4.6321902e+003  9.6455361e+001
  4.6418399e+003  9.6531565e+001
  4.6514973e+003  9.6635846e+001
  4.6611656e+003  9.6743558e+001
  4.6708435e+003  9.6831282e+001
  4.6805301e+003  9.6930764e+001
  4.6902304e+003  9.7058502e+001
  4.6999402e+003  9.7173885e+001
  4.7096624e+003  9.7287998e+001
  4.7193971e+003  9.7352027e+001
  4.7291366e+003  9.7450015e+001
  4.7388875e+003  9.7546955e+001
  4.7486473e+003  9.7634547e+001
  4.7584156e+003  9.7745778e+001
  4.7681956e+003  9.7859071e+001
  4.7779876e+003  9.7957438e+001
  4.7877895e+003  9.8067730e+001
  4.7976031e+003  9.8185273e+001
  4.8074271e+003  9.8282083e+001
  4.8172596e+003  9.8415353e+001
  4.8271054e+003  9.8505071e+001
  4.8369613e+003  9.8596423e+001
  4.8468267e+003  9.8658984e+001
  4.8566989e+003  9.8748193e+001
  4.8665784e+003  9.8851585e+001
  4.8764686e+003  9.8960405e+001
  4.8863696e+003  9.9031314e+001
  4.8962765e+003  9.9133440e+001
  4.9061944e+003  9.9220987e+001
  4.9161206e+003  9.9313567e+001
  4.9260571e+003  9.9394174e+001
  4.9360025e+003  9.9474429e+001
  4.9459549e+003  9.9617105e+001
  4.9559221e+003  9.9728941e+001
  4.9659001e+003  9.9827004e+001
  4.9758868e+003  9.9912235e+001
  4.9858834e+003  9.9975170e+001
  4.9958860e+003  1.0007394e+002
  5.0058979e+003  1.0020566e+002
  5.0159226e+003  1.0031328e+002
  5.0259598e+003  1.0041141e+002
  5.0360060e+003  1.0048414e+002
  5.0460576e+003  1.0061349e+002
  5.0561246e+003  1.0075264e+002
  5.0662046e+003  1.0084087e+002
  5.0762946e+003  1.0090281e+002
  5.0863906e+003  1.0100654e+002
  5.0964959e+003  1.0113348e+002
  5.1066137e+003  1.0122610e+002
  5.1167414e+003  1.0132154e+002
  5.1268784e+003  1.0142899e+002
  5.1370269e+003  1.0155614e+002
  5.1471881e+003  1.0164784e+002
  5.1573579e+003  1.0174242e+002
  5.1675357e+003  1.0182109e+002
  5.1777243e+003  1.0189629e+002
  5.1879197e+003  1.0199439e+002
  5.1981234e+003  1.0208620e+002
  5.2083360e+003  1.0220997e+002
  5.2185615e+003  1.0231609e+002
  5.2287987e+003  1.0237988e+002
  5.2390418e+003  1.0249157e+002
  5.2492947e+003  1.0256595e+002
  5.2595564e+003  1.0263589e+002
  5.2698244e+003  1.0276104e+002
  5.2801045e+003  1.0286322e+002
  5.2903954e+003  1.0295698e+002
  5.3006966e+003  1.0304837e+002
  5.3110057e+003  1.0314539e+002
  5.3213262e+003  1.0327516e+002
  5.3316595e+003  1.0336195e+002
  5.3420013e+003  1.0345882e+002
  5.3523536e+003  1.0355156e+002
  5.3627122e+003  1.0365437e+002
  5.3730819e+003  1.0377827e+002
  5.3834651e+003  1.0386591e+002
  5.3938578e+003  1.0398325e+002
  5.4042613e+003  1.0408210e+002
  5.4146753e+003  1.0418206e+002
  5.4250977e+003  1.0431136e+002
  5.4355323e+003  1.0440112e+002
  5.4459779e+003  1.0453104e+002
  5.4564359e+003  1.0462610e+002
  5.4669042e+003  1.0473421e+002
  5.4773819e+003  1.0481831e+002
  5.4878681e+003  1.0489614e+002
  5.4983611e+003  1.0499711e+002
  5.5088658e+003  1.0508198e+002
  5.5193789e+003  1.0517546e+002
  5.5299023e+003  1.0529536e+002
  5.5404376e+003  1.0539125e+002
  5.5509807e+003  1.0546932e+002
  5.5615334e+003  1.0557090e+002
  5.5720972e+003  1.0566014e+002
  5.5826705e+003  1.0574970e+002
  5.5932510e+003  1.0582802e+002
  5.6038380e+003  1.0592228e+002
  5.6144359e+003  1.0601093e+002
  5.6250441e+003  1.0611699e+002
  5.6356614e+003  1.0621879e+002
  5.6462888e+003  1.0630699e+002
  5.6569229e+003  1.0640973e+002
  5.6675662e+003  1.0645868e+002
  5.6782163e+003  1.0655532e+002
  5.6888767e+003  1.0663530e+002
  5.6995460e+003  1.0669208e+002
  5.7102201e+003  1.0679827e+002
  5.7209053e+003  1.0692114e+002
  5.7316013e+003  1.0702796e+002
  5.7423081e+003  1.0712662e+002
  5.7530264e+003  1.0723174e+002
  5.7637558e+003  1.0731851e+002
  5.7744926e+003  1.0743224e+002
  5.7852412e+003  1.0753114e+002
  5.7959989e+003  1.0765971e+002
  5.8067696e+003  1.0775168e+002
  5.8175490e+003  1.0784889e+002
  5.8283397e+003  1.0793834e+002
  5.8391381e+003  1.0801635e+002
  5.8499451e+003  1.0809607e+002
  5.8607597e+003  1.0818808e+002
  5.8715840e+003  1.0830856e+002
  5.8824213e+003  1.0841499e+002
  5.8932673e+003  1.0852588e+002
  5.9041270e+003  1.0862172e+002
  5.9149955e+003  1.0873719e+002
  5.9258739e+003  1.0883141e+002
  5.9367622e+003  1.0893302e+002
  5.9476625e+003  1.0907789e+002
  5.9585744e+003  1.0914290e+002
  5.9694944e+003  1.0924160e+002
  5.9804234e+003  1.0936704e+002
  5.9913650e+003  1.0947748e+002
  6.0023175e+003  1.0952020e+002
  6.0132715e+003  1.0962391e+002
  6.0242385e+003  1.0971044e+002
  6.0352159e+003  1.0982162e+002
  6.0462029e+003  1.0994146e+002
  6.0571999e+003  1.1004851e+002
  6.0682092e+003  1.1014729e+002
  6.0792288e+003  1.1024426e+002
  6.0902571e+003  1.1035393e+002
  6.1012967e+003  1.1045465e+002
  6.1123480e+003  1.1055735e+002
  6.1234072e+003  1.1066175e+002
  6.1344786e+003  1.1074817e+002
  6.1455576e+003  1.1084979e+002
  6.1566474e+003  1.1098337e+002
  6.1677501e+003  1.1104351e+002
  6.1788585e+003  1.1110096e+002
  6.1899743e+003  1.1123062e+002
  6.2011017e+003  1.1130308e+002
  6.2122368e+003  1.1145929e+002
  6.2233872e+003  1.1154854e+002
  6.2345463e+003  1.1165491e+002
  6.2457174e+003  1.1175974e+002
  6.2568993e+003  1.1185647e+002
  6.2680897e+003  1.1195489e+002
  6.2792901e+003  1.1205068e+002
  6.2905000e+003  1.1214975e+002
  6.3017209e+003  1.1222851e+002
  6.3129504e+003  1.1230773e+002
  6.3241866e+003  1.1240948e+002
  6.3354319e+003  1.1251933e+002
  6.3466896e+003  1.1263831e+002
  6.3579586e+003  1.1276914e+002
  6.3692406e+003  1.1286745e+002
  6.3805318e+003  1.1297376e+002
  6.3918327e+003  1.1305382e+002
  6.4031438e+003  1.1315586e+002
  6.4144628e+003  1.1324738e+002
  6.4257918e+003  1.1331388e+002
  6.4371279e+003  1.1342674e+002
  6.4484747e+003  1.1354279e+002
  6.4598327e+003  1.1365779e+002
  6.4712043e+003  1.1377493e+002
  6.4825888e+003  1.1385903e+002
  6.4939801e+003  1.1398081e+002
  6.5053833e+003  1.1406565e+002
  6.5167945e+003  1.1419516e+002
  6.5282217e+003  1.1432012e+002
  6.5396588e+003  1.1437811e+002
  6.5511015e+003  1.1447515e+002
  6.5625540e+003  1.1458825e+002
  6.5740169e+003  1.1468028e+002
  6.5854904e+003  1.1482140e+002
  6.5969779e+003  1.1491462e+002
  6.6084747e+003  1.1504577e+002
  6.6199844e+003  1.1513714e+002
  6.6315052e+003  1.1520707e+002
  6.6430302e+003  1.1533344e+002
  6.6545683e+003  1.1538624e+002
  6.6661137e+003  1.1547967e+002
  6.6776665e+003  1.1558547e+002
  6.6892306e+003  1.1570094e+002
  6.7008057e+003  1.1579615e+002
  6.7123926e+003  1.1589165e+002
  6.7239875e+003  1.1597687e+002
  6.7355912e+003  1.1610214e+002
  6.7472062e+003  1.1619679e+002
  6.7588313e+003  1.1631165e+002
  6.7704653e+003  1.1637074e+002
  6.7821076e+003  1.1644823e+002
  6.7937582e+003  1.1655515e+002
  6.8054183e+003  1.1666247e+002
  6.8170906e+003  1.1678005e+002
  6.8287727e+003  1.1685825e+002
  6.8404622e+003  1.1697758e+002
  6.8521653e+003  1.1706812e+002
  6.8638769e+003  1.1716243e+002
  6.8755980e+003  1.1725802e+002
  6.8873289e+003  1.1734740e+002
  6.8990695e+003  1.1745956e+002
  6.9108206e+003  1.1755167e+002
  6.9225813e+003  1.1763613e+002
  6.9343481e+003  1.1773951e+002
  6.9461282e+003  1.1784953e+002
  6.9579169e+003  1.1796217e+002
  6.9697182e+003  1.1804676e+002
  6.9815277e+003  1.1816953e+002
  6.9933490e+003  1.1825790e+002
  7.0051779e+003  1.1833129e+002
  7.0170149e+003  1.1842707e+002
  7.0288631e+003  1.1850623e+002
  7.0407176e+003  1.1857845e+002
  7.0525799e+003  1.1865810e+002
  7.0644502e+003  1.1877842e+002
  7.0763337e+003  1.1891570e+002
  7.0882290e+003  1.1904154e+002
  7.1001381e+003  1.1914626e+002
  7.1120561e+003  1.1924083e+002
  7.1239855e+003  1.1933771e+002
  7.1359251e+003  1.1943921e+002
  7.1478751e+003  1.1950585e+002
  7.1598312e+003  1.1961380e+002
  7.1717972e+003  1.1971280e+002
  7.1837735e+003  1.1982957e+002
  7.1957627e+003  1.1992248e+002
  7.2077597e+003  1.2005194e+002
  7.2197696e+003  1.2017577e+002
  7.2317923e+003  1.2025766e+002
  7.2438235e+003  1.2040866e+002
  7.2558697e+003  1.2049958e+002
  7.2679249e+003  1.2058148e+002
  7.2799876e+003  1.2070824e+002
  7.2920643e+003  1.2080917e+002
  7.3041516e+003  1.2091691e+002
  7.3162506e+003  1.2103133e+002
  7.3283586e+003  1.2113244e+002
  7.3404772e+003  1.2119983e+002
  7.3526020e+003  1.2129632e+002
  7.3647364e+003  1.2140048e+002
  7.3768813e+003  1.2148463e+002
  7.3890345e+003  1.2159125e+002
  7.4011984e+003  1.2170408e+002
  7.4133725e+003  1.2181054e+002
  7.4255582e+003  1.2191702e+002
  7.4377553e+003  1.2197698e+002
  7.4499580e+003  1.2207038e+002
  7.4621716e+003  1.2216976e+002
  7.4743939e+003  1.2224900e+002
  7.4866238e+003  1.2236641e+002
  7.4988651e+003  1.2246801e+002
  7.5111170e+003  1.2256333e+002
  7.5233795e+003  1.2265671e+002
  7.5356486e+003  1.2277750e+002
  7.5479304e+003  1.2289515e+002
  7.5602245e+003  1.2300582e+002
  7.5725317e+003  1.2309214e+002
  7.5848448e+003  1.2315454e+002
  7.5971646e+003  1.2322157e+002
  7.6094927e+003  1.2331229e+002
  7.6218288e+003  1.2342859e+002
  7.6341784e+003  1.2352418e+002
  7.6465367e+003  1.2365211e+002
  7.6589059e+003  1.2376403e+002
  7.6712859e+003  1.2382932e+002
  7.6836750e+003  1.2393322e+002
  7.6960739e+003  1.2404523e+002
  7.7084822e+003  1.2413056e+002
  7.7209009e+003  1.2421388e+002
  7.7333265e+003  1.2428938e+002
  7.7457618e+003  1.2438790e+002
  7.7582059e+003  1.2446979e+002
  7.7706573e+003  1.2458589e+002
  7.7831211e+003  1.2468773e+002
  7.7955955e+003  1.2479423e+002
  7.8080804e+003  1.2488970e+002
  7.8205738e+003  1.2499305e+002
  7.8330771e+003  1.2509158e+002
  7.8455919e+003  1.2519363e+002
  7.8581154e+003  1.2531267e+002
  7.8706528e+003  1.2541395e+002
  7.8832010e+003  1.2551509e+002
  7.8957559e+003  1.2560162e+002
  7.9083215e+003  1.2574442e+002
  7.9209000e+003  1.2582693e+002
  7.9334862e+003  1.2593879e+002
  7.9460845e+003  1.2603046e+002
  7.9586926e+003  1.2608782e+002
  7.9713064e+003  1.2617758e+002
  7.9839290e+003  1.2629251e+002
  7.9965646e+003  1.2637643e+002
  8.0092071e+003  1.2646942e+002
  8.0218563e+003  1.2655553e+002
  8.0345165e+003  1.2665775e+002
  8.0471863e+003  1.2672877e+002
  8.0598649e+003  1.2683145e+002
  8.0725527e+003  1.2693916e+002
  8.0852515e+003  1.2707954e+002
  8.0979657e+003  1.2712922e+002
  8.1106867e+003  1.2722435e+002
  8.1234137e+003  1.2731111e+002
  8.1361488e+003  1.2738896e+002
  8.1488923e+003  1.2748746e+002
  8.1616446e+003  1.2756166e+002
  8.1744066e+003  1.2761156e+002
  8.1871734e+003  1.2770969e+002
  8.1999497e+003  1.2778310e+002
  8.2127340e+003  1.2790581e+002
  8.2255314e+003  1.2800553e+002
  8.2383368e+003  1.2808899e+002
  8.2511513e+003  1.2821004e+002
  8.2639783e+003  1.2831578e+002
  8.2768162e+003  1.2840994e+002
  8.2896620e+003  1.2852495e+002
  8.3025184e+003  1.2862119e+002
  8.3153862e+003  1.2871347e+002
  8.3282629e+003  1.2882477e+002
  8.3411498e+003  1.2890688e+002
  8.3540466e+003  1.2899757e+002
  8.3669512e+003  1.2912835e+002
  8.3798680e+003  1.2924994e+002
  8.3927989e+003  1.2935450e+002
  8.4057396e+003  1.2946191e+002
  8.4186906e+003  1.2954628e+002
  8.4316504e+003  1.2961736e+002
  8.4446178e+003  1.2969557e+002
  8.4575926e+003  1.2978430e+002
  8.4705766e+003  1.2989638e+002
  8.4835722e+003  1.2998557e+002
  8.4965760e+003  1.3011151e+002
  8.5095952e+003  1.3021872e+002
  8.5226212e+003  1.3029149e+002
  8.5356564e+003  1.3039310e+002
  8.5487010e+003  1.3048215e+002
  8.5617544e+003  1.3055195e+002
  8.5748146e+003  1.3065641e+002
  8.5878849e+003  1.3078323e+002
  8.6009699e+003  1.3087633e+002
  8.6140629e+003  1.3098199e+002
  8.6271646e+003  1.3108558e+002
  8.6402775e+003  1.3116984e+002
  8.6533996e+003  1.3126680e+002
  8.6665316e+003  1.3134781e+002
  8.6796709e+003  1.3146648e+002
  8.6928216e+003  1.3156963e+002
  8.7059844e+003  1.3171306e+002
  8.7191606e+003  1.3180556e+002
  8.7323468e+003  1.3190871e+002
  8.7455450e+003  1.3201744e+002
  8.7587507e+003  1.3214525e+002
  8.7719706e+003  1.3227289e+002
  8.7852002e+003  1.3239530e+002
  8.7984460e+003  1.3248680e+002
  8.8116997e+003  1.3258482e+002
  8.8249617e+003  1.3269737e+002
  8.8382374e+003  1.3281190e+002
  8.8515256e+003  1.3292688e+002
  8.8648240e+003  1.3300972e+002
  8.8781297e+003  1.3311170e+002
  8.8914449e+003  1.3319013e+002
  8.9047687e+003  1.3329671e+002
  8.9181022e+003  1.3339403e+002
  8.9314470e+003  1.3349654e+002
  8.9448010e+003  1.3358038e+002
  8.9581642e+003  1.3369257e+002
  8.9715388e+003  1.3378932e+002
  8.9849241e+003  1.3386400e+002
  8.9983162e+003  1.3399004e+002
  9.0117209e+003  1.3406847e+002
  9.0251324e+003  1.3417210e+002
  9.0385541e+003  1.3426281e+002
  9.0519844e+003  1.3434168e+002
  9.0654256e+003  1.3445743e+002
  9.0788759e+003  1.3452146e+002
  9.0923321e+003  1.3464337e+002
  9.1058018e+003  1.3477437e+002
  9.1192837e+003  1.3486392e+002
  9.1327744e+003  1.3497175e+002
  9.1462755e+003  1.3510060e+002
  9.1597909e+003  1.3524053e+002
  9.1733215e+003  1.3531504e+002
  9.1868584e+003  1.3540052e+002
  9.2004036e+003  1.3550780e+002
  9.2139603e+003  1.3561269e+002
  9.2275257e+003  1.3573470e+002
  9.2411041e+003  1.3583969e+002
  9.2546932e+003  1.3593830e+002
  9.2682932e+003  1.3604446e+002
  9.2819041e+003  1.3614321e+002
  9.2955228e+003  1.3619365e+002
  9.3091467e+003  1.3627858e+002
  9.3227785e+003  1.3639144e+002
  9.3364215e+003  1.3647237e+002
  9.3500729e+003  1.3653883e+002
  9.3637325e+003  1.3663948e+002
  9.3774010e+003  1.3674333e+002
  9.3910806e+003  1.3682573e+002
  9.4047677e+003  1.3691174e+002
  9.4184647e+003  1.3702232e+002
  9.4321734e+003  1.3712117e+002
  9.4458916e+003  1.3721438e+002
  9.4596191e+003  1.3732602e+002
  9.4733559e+003  1.3744791e+002
  9.4871050e+003  1.3754720e+002
  9.5008645e+003  1.3766471e+002
  9.5146355e+003  1.3775588e+002
  9.5284171e+003  1.3785395e+002
  9.5422066e+003  1.3795338e+002
  9.5560097e+003  1.3807939e+002
  9.5698223e+003  1.3813602e+002
  9.5836398e+003  1.3824584e+002
  9.5974681e+003  1.3830566e+002
  9.6113035e+003  1.3842604e+002
  9.6251514e+003  1.3852054e+002
  9.6390093e+003  1.3862297e+002
  9.6528759e+003  1.3875985e+002
  9.6667567e+003  1.3886296e+002
  9.6806458e+003  1.3894964e+002
  9.6945458e+003  1.3904027e+002
  9.7084543e+003  1.3914605e+002
  9.7223733e+003  1.3925437e+002
  9.7363042e+003  1.3930515e+002
  9.7502381e+003  1.3943806e+002
  9.7641877e+003  1.3951911e+002
  9.7781441e+003  1.3959662e+002
  9.7921082e+003  1.3970193e+002
  9.8060828e+003  1.3976619e+002
  9.8200656e+003  1.3988499e+002
  9.8340590e+003  1.3996788e+002
  9.8480606e+003  1.4007028e+002
  9.8620734e+003  1.4016144e+002
  9.8760935e+003  1.4025702e+002
  9.8901229e+003  1.4039164e+002
  9.9041659e+003  1.4050768e+002
  9.9182227e+003  1.4060286e+002
  9.9322864e+003  1.4072468e+002
  9.9463643e+003  1.4082821e+002
  9.9604533e+003  1.4094076e+002
  9.9745517e+003  1.4103351e+002
  9.9886584e+003  1.4108574e+002
  1.0002770e+004  1.4118025e+002
  1.0016893e+004  1.4130158e+002
  1.0031027e+004  1.4142053e+002
  1.0045174e+004  1.4154604e+002
  1.0059337e+004  1.4163883e+002
  1.0073507e+004  1.4171864e+002
  1.0087684e+004  1.4181090e+002
  1.0101872e+004  1.4188443e+002
  1.0116066e+004  1.4198627e+002
  1.0130272e+004  1.4210916e+002
  1.0144489e+004  1.4224177e+002
  1.0158717e+004  1.4232816e+002
  1.0172954e+004  1.4242123e+002
  1.0187203e+004  1.4252347e+002
  1.0201462e+004  1.4260271e+002
  1.0215727e+004  1.4271996e+002
  1.0230004e+004  1.4280223e+002
  1.0244290e+004  1.4293395e+002
  1.0258589e+004  1.4304687e+002
  1.0272896e+004  1.4312935e+002
  1.0287214e+004  1.4326216e+002
  1.0301545e+004  1.4338797e+002
  1.0315888e+004  1.4347774e+002
  1.0330241e+004  1.4356450e+002
  1.0344601e+004  1.4363656e+002
  1.0358969e+004  1.4371293e+002
  1.0373347e+004  1.4385884e+002
  1.0387736e+004  1.4398516e+002
  1.0402140e+004  1.4410773e+002
  1.0416555e+004  1.4420232e+002
  1.0430980e+004  1.4430499e+002
  1.0445416e+004  1.4443376e+002
  1.0459866e+004  1.4454710e+002
  1.0474325e+004  1.4463027e+002
  1.0488793e+004  1.4474929e+002
  1.0503273e+004  1.4482037e+002
  1.0517762e+004  1.4490644e+002
  1.0532257e+004  1.4500748e+002
  1.0546761e+004  1.4508633e+002
  1.0561272e+004  1.4521737e+002
  1.0575798e+004  1.4530313e+002
  1.0590334e+004  1.4540101e+002
  1.0604879e+004  1.4552753e+002
  1.0619436e+004  1.4565015e+002
  1.0634006e+004  1.4575017e+002
  1.0648589e+004  1.4585262e+002
  1.0663179e+004  1.4595298e+002
  1.0677778e+004  1.4601815e+002
  1.0692385e+004  1.4615007e+002
  1.0707003e+004  1.4624406e+002
  1.0721634e+004  1.4633812e+002
  1.0736274e+004  1.4644019e+002
  1.0750924e+004  1.4652556e+002
  1.0765580e+004  1.4664462e+002
  1.0780248e+004  1.4674329e+002
  1.0794926e+004  1.4683301e+002
  1.0809617e+004  1.4695413e+002
  1.0824317e+004  1.4705499e+002
  1.0839028e+004  1.4713744e+002
  1.0853745e+004  1.4723137e+002
  1.0868473e+004  1.4732719e+002
  1.0883209e+004  1.4744157e+002
  1.0897958e+004  1.4757715e+002
  1.0912722e+004  1.4771066e+002
  1.0927497e+004  1.4784468e+002
  1.0942287e+004  1.4792515e+002
  1.0957084e+004  1.4803690e+002
  1.0971895e+004  1.4814573e+002
  1.0986714e+004  1.4823520e+002
  1.1001543e+004  1.4833815e+002
  1.1016381e+004  1.4842327e+002
  1.1031228e+004  1.4851608e+002
  1.1046085e+004  1.4858969e+002
  1.1060949e+004  1.4870477e+002
  1.1075824e+004  1.4881421e+002
  1.1090709e+004  1.4887826e+002
  1.1105601e+004  1.4901076e+002
  1.1120507e+004  1.4910432e+002
  1.1135422e+004  1.4918423e+002
  1.1150346e+004  1.4926787e+002
  1.1165277e+004  1.4938235e+002
  1.1180220e+004  1.4946960e+002
  1.1195173e+004  1.4956530e+002
  1.1210135e+004  1.4964953e+002
  1.1225105e+004  1.4976445e+002
  1.1240087e+004  1.4987096e+002
  1.1255079e+004  1.4995223e+002
  1.1270078e+004  1.5003912e+002
  1.1285088e+004  1.5015390e+002
  1.1300109e+004  1.5024417e+002
  1.1315138e+004  1.5036186e+002
  1.1330179e+004  1.5049794e+002
  1.1345233e+004  1.5058117e+002
  1.1360298e+004  1.5070978e+002
  1.1375372e+004  1.5083869e+002
  1.1390462e+004  1.5096126e+002
  1.1405561e+004  1.5106270e+002
  1.1420674e+004  1.5115719e+002
  1.1435796e+004  1.5125738e+002
  1.1450928e+004  1.5135886e+002
  1.1466069e+004  1.5145550e+002
  1.1481219e+004  1.5157422e+002
  1.1496382e+004  1.5163233e+002
  1.1511549e+004  1.5171389e+002
  1.1526727e+004  1.5183720e+002
  1.1541917e+004  1.5198194e+002
  1.1557120e+004  1.5205892e+002
  1.1572330e+004  1.5213879e+002
  1.1587550e+004  1.5221880e+002
  1.1602778e+004  1.5232550e+002
  1.1618014e+004  1.5243337e+002
  1.1633262e+004  1.5256499e+002
  1.1648521e+004  1.5263678e+002
  1.1663790e+004  1.5276102e+002
  1.1679071e+004  1.5283311e+002
  1.1694359e+004  1.5295578e+002
  1.1709660e+004  1.5305606e+002
  1.1724972e+004  1.5318421e+002
  1.1740296e+004  1.5329865e+002
  1.1755632e+004  1.5335898e+002
  1.1770972e+004  1.5346687e+002
  1.1786323e+004  1.5354036e+002
  1.1801682e+004  1.5365252e+002
  1.1817053e+004  1.5373064e+002
  1.1832432e+004  1.5380829e+002
  1.1847817e+004  1.5390248e+002
  1.1863212e+004  1.5401265e+002
  1.1878617e+004  1.5414587e+002
  1.1894037e+004  1.5423347e+002
  1.1909466e+004  1.5431905e+002
  1.1924903e+004  1.5438729e+002
  1.1940346e+004  1.5453206e+002
  1.1955803e+004  1.5467216e+002
  1.1971274e+004  1.5475706e+002
  1.1986755e+004  1.5487487e+002
  1.2002248e+004  1.5495019e+002
  1.2017747e+004  1.5508294e+002
  1.2033259e+004  1.5517475e+002
  1.2048782e+004  1.5524740e+002
  1.2064312e+004  1.5530781e+002
  1.2079850e+004  1.5541810e+002
  1.2095397e+004  1.5551569e+002
  1.2110955e+004  1.5566240e+002
  1.2126526e+004  1.5577405e+002
  1.2142109e+004  1.5588794e+002
  1.2157703e+004  1.5596001e+002
  1.2173303e+004  1.5607302e+002
  1.2188916e+004  1.5616519e+002
  1.2204538e+004  1.5626952e+002
  1.2220171e+004  1.5638230e+002
  1.2235815e+004  1.5648768e+002
  1.2251467e+004  1.5656726e+002
  1.2267130e+004  1.5666923e+002
  1.2282801e+004  1.5674367e+002
  1.2298481e+004  1.5683025e+002
  1.2314168e+004  1.5692515e+002
  1.2329866e+004  1.5699773e+002
  1.2345572e+004  1.5710360e+002
  1.2361288e+004  1.5719584e+002
  1.2377013e+004  1.5729604e+002
  1.2392747e+004  1.5741967e+002
  1.2408493e+004  1.5750819e+002
  1.2424248e+004  1.5757937e+002
  1.2440011e+004  1.5767991e+002
  1.2455784e+004  1.5776258e+002
  1.2471565e+004  1.5788648e+002
  1.2487359e+004  1.5800248e+002
  1.2503165e+004  1.5809903e+002
  1.2518978e+004  1.5817220e+002
  1.2534800e+004  1.5829176e+002
  1.2550636e+004  1.5841886e+002
  1.2566483e+004  1.5850285e+002
  1.2582339e+004  1.5856976e+002
  1.2598201e+004  1.5867843e+002
  1.2614074e+004  1.5879003e+002
  1.2629958e+004  1.5888751e+002
  1.2645849e+004  1.5899464e+002
  1.2661752e+004  1.5909658e+002
  1.2677667e+004  1.5918518e+002
  1.2693591e+004  1.5928404e+002
  1.2709526e+004  1.5937609e+002
  1.2725468e+004  1.5950109e+002
  1.2741422e+004  1.5966199e+002
  1.2757395e+004  1.5978021e+002
  1.2773377e+004  1.5988527e+002
  1.2789371e+004  1.5994668e+002
  1.2805370e+004  1.6006574e+002
  1.2821381e+004  1.6015439e+002
  1.2837401e+004  1.6027292e+002
  1.2853434e+004  1.6037622e+002
  1.2869478e+004  1.6046163e+002
  1.2885529e+004  1.6057103e+002
  1.2901591e+004  1.6070574e+002
  1.2917668e+004  1.6085841e+002
  1.2933759e+004  1.6095790e+002
  1.2949860e+004  1.6108966e+002
  1.2965973e+004  1.6118232e+002
  1.2982096e+004  1.6127625e+002
  1.2998228e+004  1.6139731e+002
  1.3014372e+004  1.6149015e+002
  1.3030526e+004  1.6160411e+002
  1.3046691e+004  1.6169137e+002
  1.3062866e+004  1.6181369e+002
  1.3079052e+004  1.6188426e+002
  1.3095245e+004  1.6200864e+002
  1.3111452e+004  1.6211446e+002
  1.3127665e+004  1.6220155e+002
  1.3143889e+004  1.6228992e+002
  1.3160123e+004  1.6238830e+002
  1.3176368e+004  1.6247576e+002
  1.3192621e+004  1.6257691e+002
  1.3208885e+004  1.6265988e+002
  1.3225156e+004  1.6273641e+002
  1.3241435e+004  1.6277710e+002
  1.3257718e+004  1.6284245e+002
  1.3274007e+004  1.6293159e+002
  1.3290306e+004  1.6304401e+002
  1.3306615e+004  1.6316041e+002
  1.3322936e+004  1.6327782e+002
  1.3339268e+004  1.6333050e+002
  1.3355607e+004  1.6344471e+002
  1.3371956e+004  1.6356530e+002
  1.3388318e+004  1.6368496e+002
  1.3404692e+004  1.6380132e+002
  1.3421079e+004  1.6388733e+002
  1.3437472e+004  1.6398561e+002
  1.3453875e+004  1.6408393e+002
  1.3470289e+004  1.6416694e+002
  1.3486712e+004  1.6426498e+002
  1.3503143e+004  1.6435393e+002
  1.3519581e+004  1.6444590e+002
  1.3536029e+004  1.6456581e+002
  1.3552491e+004  1.6466078e+002
  1.3568962e+004  1.6474003e+002
  1.3585442e+004  1.6485303e+002
  1.3601932e+004  1.6494929e+002
  1.3618434e+004  1.6506296e+002
  1.3634943e+004  1.6518159e+002
  1.3651466e+004  1.6529218e+002
  1.3668000e+004  1.6540466e+002
  1.3684546e+004  1.6550171e+002
  1.3701100e+004  1.6563765e+002
  1.3717669e+004  1.6575217e+002
  1.3734249e+004  1.6583556e+002
  1.3750836e+004  1.6592555e+002
  1.3767434e+004  1.6601402e+002
  1.3784039e+004  1.6612995e+002
  1.3800657e+004  1.6625157e+002
  1.3817289e+004  1.6635888e+002
  1.3833932e+004  1.6651685e+002
  1.3850587e+004  1.6664850e+002
  1.3867257e+004  1.6668137e+002
  1.3883931e+004  1.6677723e+002
  1.3900615e+004  1.6685950e+002
  1.3917307e+004  1.6698154e+002
  1.3934008e+004  1.6709135e+002
  1.3950722e+004  1.6717961e+002
  1.3967448e+004  1.6731180e+002
  1.3984184e+004  1.6738525e+002
  1.4000927e+004  1.6745860e+002
  1.4017678e+004  1.6755268e+002
  1.4034438e+004  1.6763966e+002
  1.4051208e+004  1.6773644e+002
  1.4067987e+004  1.6783858e+002
  1.4084777e+004  1.6793328e+002
  1.4101575e+004  1.6802196e+002
  1.4118381e+004  1.6809897e+002
  1.4135196e+004  1.6818802e+002
  1.4152022e+004  1.6830464e+002
  1.4168859e+004  1.6844789e+002
  1.4185709e+004  1.6854020e+002
  1.4202568e+004  1.6864642e+002
  1.4219437e+004  1.6875078e+002
  1.4236316e+004  1.6886573e+002
  1.4253208e+004  1.6896197e+002
  1.4270108e+004  1.6909980e+002
  1.4287023e+004  1.6917363e+002
  1.4303946e+004  1.6925844e+002
  1.4320876e+004  1.6939500e+002
  1.4337822e+004  1.6951214e+002
  1.4354778e+004  1.6961848e+002
  1.4371744e+004  1.6972605e+002
  1.4388722e+004  1.6981664e+002
  1.4405709e+004  1.6993627e+002
  1.4422707e+004  1.7004268e+002
  1.4439717e+004  1.7014649e+002
  1.4456737e+004  1.7026171e+002
  1.4473767e+004  1.7035087e+002
  1.4490805e+004  1.7042363e+002
  1.4507852e+004  1.7049737e+002
  1.4524908e+004  1.7058515e+002
  1.4541973e+004  1.7068647e+002
  1.4559047e+004  1.7078569e+002
  1.4576130e+004  1.7090688e+002
  1.4593224e+004  1.7101009e+002
  1.4610332e+004  1.7108340e+002
  1.4627445e+004  1.7119403e+002
  1.4644569e+004  1.7128325e+002
  1.4661704e+004  1.7141761e+002
  1.4678849e+004  1.7151129e+002
  1.4696006e+004  1.7159996e+002
  1.4713171e+004  1.7169960e+002
  1.4730346e+004  1.7176812e+002
  1.4747528e+004  1.7187053e+002
  1.4764721e+004  1.7197480e+002
  1.4781923e+004  1.7209295e+002
  1.4799137e+004  1.7217136e+002
  1.4816358e+004  1.7224504e+002
  1.4833588e+004  1.7234552e+002
  1.4850827e+004  1.7245422e+002
  1.4868078e+004  1.7255687e+002
  1.4885340e+004  1.7266677e+002
  1.4902611e+004  1.7275153e+002
  1.4919891e+004  1.7278939e+002
  1.4937177e+004  1.7288379e+002
  1.4954471e+004  1.7300198e+002
  1.4971776e+004  1.7311015e+002
  1.4989091e+004  1.7320235e+002
  1.5006418e+004  1.7331038e+002
  1.5023755e+004  1.7340665e+002
  1.5041101e+004  1.7354785e+002
  1.5058462e+004  1.7368114e+002
  1.5075836e+004  1.7377952e+002
  1.5093219e+004  1.7387092e+002
  1.5110610e+004  1.7396377e+002
  1.5128012e+004  1.7404954e+002
  1.5145423e+004  1.7416394e+002
  1.5162843e+004  1.7423856e+002
  1.5180273e+004  1.7432200e+002
  1.5197710e+004  1.7443986e+002
  1.5215158e+004  1.7456614e+002
  1.5232621e+004  1.7465983e+002
  1.5250091e+004  1.7479197e+002
  1.5267575e+004  1.7488759e+002
  1.5285068e+004  1.7500456e+002
  1.5302573e+004  1.7511472e+002
  1.5320089e+004  1.7520912e+002
  1.5337614e+004  1.7531634e+002
  1.5355151e+004  1.7543305e+002
  1.5372700e+004  1.7553438e+002
  1.5390257e+004  1.7560581e+002
  1.5407823e+004  1.7568424e+002
  1.5425398e+004  1.7577029e+002
  1.5442979e+004  1.7587032e+002
  1.5460570e+004  1.7595898e+002
  1.5478170e+004  1.7605314e+002
  1.5495779e+004  1.7610510e+002
  1.5513393e+004  1.7618818e+002
  1.5531017e+004  1.7629237e+002
  1.5548650e+004  1.7635916e+002
  1.5566292e+004  1.7643404e+002
  1.5583941e+004  1.7655516e+002
  1.5601600e+004  1.7667228e+002
  1.5619273e+004  1.7675842e+002
  1.5636953e+004  1.7682705e+002
  1.5654640e+004  1.7693081e+002
  1.5672339e+004  1.7703921e+002
  1.5690048e+004  1.7710732e+002
  1.5707763e+004  1.7718498e+002
  1.5725487e+004  1.7730356e+002
  1.5743221e+004  1.7741163e+002
  1.5760966e+004  1.7751003e+002
  1.5778723e+004  1.7763539e+002
  1.5796492e+004  1.7770908e+002
  1.5814267e+004  1.7777889e+002
  1.5832050e+004  1.7787690e+002
  1.5849843e+004  1.7797956e+002
  1.5867647e+004  1.7809834e+002
  1.5885465e+004  1.7824585e+002
  1.5903294e+004  1.7832619e+002
  1.5921131e+004  1.7841097e+002
  1.5938977e+004  1.7850344e+002
  1.5956832e+004  1.7864498e+002
  1.5974701e+004  1.7869478e+002
  1.5992576e+004  1.7877773e+002
  1.6010460e+004  1.7889091e+002
  1.6028354e+004  1.7901205e+002
  1.6046260e+004  1.7910151e+002
  1.6064177e+004  1.7919834e+002
  1.6082101e+004  1.7932155e+002
  1.6100037e+004  1.7940183e+002
  1.6117982e+004  1.7951107e+002
  1.6135939e+004  1.7963598e+002
  1.6153906e+004  1.7974612e+002
  1.6171885e+004  1.7984619e+002
  1.6189874e+004  1.7994266e+002
  1.6207873e+004  1.8003703e+002
  1.6225881e+004  1.8013863e+002
  1.6243901e+004  1.8023778e+002
  1.6261928e+004  1.8029390e+002
  1.6279963e+004  1.8037443e+002
  1.6298004e+004  1.8049795e+002
  1.6316058e+004  1.8057009e+002
  1.6334119e+004  1.8068137e+002
  1.6352191e+004  1.8082018e+002
  1.6370278e+004  1.8088830e+002
  1.6388370e+004  1.8096419e+002
  1.6406472e+004  1.8107725e+002
  1.6424585e+004  1.8119273e+002
  1.6442708e+004  1.8125848e+002
  1.6460840e+004  1.8132947e+002
  1.6478978e+004  1.8139477e+002
  1.6497123e+004  1.8146141e+002
  1.6515274e+004  1.8154293e+002
  1.6533433e+004  1.8162188e+002
  1.6551602e+004  1.8169409e+002
  1.6569777e+004  1.8177441e+002
  1.6587960e+004  1.8185448e+002
  1.6606151e+004  1.8196261e+002
  1.6624351e+004  1.8202725e+002
  1.6642559e+004  1.8210970e+002
  1.6660775e+004  1.8219503e+002
  1.6678999e+004  1.8230118e+002
  1.6697236e+004  1.8240758e+002
  1.6715484e+004  1.8250698e+002
  1.6733740e+004  1.8261132e+002
  1.6752008e+004  1.8272727e+002
  1.6770287e+004  1.8284058e+002
  1.6788576e+004  1.8294746e+002
  1.6806877e+004  1.8303579e+002
  1.6825186e+004  1.8310787e+002
  1.6843503e+004  1.8324147e+002
  1.6861830e+004  1.8336158e+002
  1.6880172e+004  1.8346089e+002
  1.6898523e+004  1.8354778e+002
  1.6916881e+004  1.8363245e+002
  1.6935249e+004  1.8374647e+002
  1.6953628e+004  1.8382093e+002
  1.6972015e+004  1.8394832e+002
  1.6990414e+004  1.8405951e+002
  1.7008826e+004  1.8416296e+002
  1.7027247e+004  1.8433562e+002
  1.7045686e+004  1.8437628e+002
  1.7064128e+004  1.8447011e+002
  1.7082580e+004  1.8455392e+002
  1.7101040e+004  1.8463968e+002
  1.7119509e+004  1.8477995e+002
  1.7137992e+004  1.8488177e+002
  1.7156485e+004  1.8494314e+002
  1.7174988e+004  1.8503063e+002
  1.7193495e+004  1.8513391e+002
  1.7212013e+004  1.8521585e+002
  1.7230538e+004  1.8529179e+002
  1.7249072e+004  1.8540696e+002
  1.7267619e+004  1.8547032e+002
  1.7286172e+004  1.8556450e+002
  1.7304732e+004  1.8565280e+002
  1.7323302e+004  1.8576190e+002
  1.7341884e+004  1.8585400e+002
  1.7360475e+004  1.8594631e+002
  1.7379076e+004  1.8603222e+002
  1.7397685e+004  1.8613315e+002
  1.7416304e+004  1.8622517e+002
  1.7434930e+004  1.8632350e+002
  1.7453568e+004  1.8641216e+002
  1.7472212e+004  1.8650659e+002
  1.7490867e+004  1.8661376e+002
  1.7509533e+004  1.8669241e+002
  1.7528208e+004  1.8680129e+002
  1.7546891e+004  1.8690367e+002
  1.7565587e+004  1.8702392e+002
  1.7584295e+004  1.8714909e+002
  1.7603015e+004  1.8724450e+002
  1.7621745e+004  1.8737923e+002
  1.7640486e+004  1.8747146e+002
  1.7659239e+004  1.8757234e+002
  1.7678004e+004  1.8769476e+002
  1.7696780e+004  1.8782662e+002
  1.7715567e+004  1.8791269e+002
  1.7734364e+004  1.8800328e+002
  1.7753170e+004  1.8809851e+002
  1.7771984e+004  1.8815871e+002
  1.7790805e+004  1.8827967e+002
  1.7809638e+004  1.8839567e+002
  1.7828482e+004  1.8849557e+002
  1.7847336e+004  1.8858817e+002
  1.7866200e+004  1.8867709e+002
  1.7885074e+004  1.8878634e+002
  1.7903957e+004  1.8889534e+002
  1.7922851e+004  1.8898798e+002
  1.7941754e+004  1.8908383e+002
  1.7960668e+004  1.8918641e+002
  1.7979592e+004  1.8927607e+002
  1.7998525e+004  1.8931764e+002
  1.8017463e+004  1.8941124e+002
  1.8036409e+004  1.8951790e+002
  1.8055365e+004  1.8962549e+002
  1.8074333e+004  1.8970746e+002
  1.8093310e+004  1.8978487e+002
  1.8112291e+004  1.8990069e+002
  1.8131286e+004  1.8998040e+002
  1.8150288e+004  1.9008423e+002
  1.8169300e+004  1.9020247e+002
  1.8188324e+004  1.9030983e+002
  1.8207358e+004  1.9038371e+002
  1.8226404e+004  1.9046872e+002
  1.8245456e+004  1.9062463e+002
  1.8264522e+004  1.9073485e+002
  1.8283601e+004  1.9079532e+002
  1.8302685e+004  1.9089401e+002
  1.8321781e+004  1.9096645e+002
  1.8340882e+004  1.9103587e+002
  1.8359989e+004  1.9112719e+002
  1.8379105e+004  1.9123176e+002
  1.8398232e+004  1.9131400e+002
  1.8417368e+004  1.9141833e+002
  1.8436514e+004  1.9149225e+002
  1.8455668e+004  1.9160736e+002
  1.8474835e+004  1.9171423e+002
  1.8494010e+004  1.9183485e+002
  1.8513198e+004  1.9191372e+002
  1.8532394e+004  1.9199328e+002
  1.8551599e+004  1.9206732e+002
  1.8570810e+004  1.9216627e+002
  1.8590032e+004  1.9223855e+002
  1.8609261e+004  1.9235215e+002
  1.8628502e+004  1.9244016e+002
  1.8647750e+004  1.9257836e+002
  1.8667014e+004  1.9269747e+002
  1.8686289e+004  1.9276792e+002
  1.8705572e+004  1.9286137e+002
  1.8724861e+004  1.9298303e+002
  1.8744164e+004  1.9306007e+002
  1.8763474e+004  1.9318769e+002
  1.8782796e+004  1.9324816e+002
  1.8802126e+004  1.9335587e+002
  1.8821466e+004  1.9345239e+002
  1.8840817e+004  1.9356638e+002
  1.8860180e+004  1.9365832e+002
  1.8879550e+004  1.9374884e+002
  1.8898931e+004  1.9383640e+002
  1.8918320e+004  1.9394874e+002
  1.8937722e+004  1.9406135e+002
  1.8957133e+004  1.9419954e+002
  1.8976558e+004  1.9431930e+002
  1.8995996e+004  1.9441492e+002
  1.9015442e+004  1.9452855e+002
  1.9034899e+004  1.9467362e+002
  1.9054371e+004  1.9480941e+002
  1.9073858e+004  1.9489703e+002
  1.9093354e+004  1.9497989e+002
  1.9112858e+004  1.9505258e+002
  1.9132369e+004  1.9511876e+002
  1.9151886e+004  1.9523115e+002
  1.9171414e+004  1.9533376e+002
  1.9190953e+004  1.9544666e+002
  1.9210504e+004  1.9554980e+002
  1.9230063e+004  1.9565523e+002
  1.9249634e+004  1.9575867e+002
  1.9269215e+004  1.9586671e+002
  1.9288807e+004  1.9593921e+002
  1.9308406e+004  1.9604125e+002
  1.9328014e+004  1.9615266e+002
  1.9347634e+004  1.9626582e+002
  1.9367265e+004  1.9637572e+002
  1.9386906e+004  1.9644679e+002
  1.9406556e+004  1.9656134e+002
  1.9426217e+004  1.9661873e+002
  1.9445884e+004  1.9673795e+002
  1.9465562e+004  1.9684208e+002
  1.9485251e+004  1.9693945e+002
  1.9504950e+004  1.9706503e+002
  1.9524662e+004  1.9716401e+002
  1.9544384e+004  1.9723779e+002
  1.9564114e+004  1.9732751e+002
  1.9583853e+004  1.9741505e+002
  1.9603599e+004  1.9752306e+002
  1.9623356e+004  1.9763484e+002
  1.9643126e+004  1.9775108e+002
  1.9662908e+004  1.9785375e+002
  1.9682698e+004  1.9796174e+002
  1.9702498e+004  1.9805783e+002
  1.9722311e+004  1.9813776e+002
  1.9742128e+004  1.9821725e+002
  1.9761954e+004  1.9833392e+002
  1.9781793e+004  1.9842260e+002
  1.9801639e+004  1.9856673e+002
  1.9821501e+004  1.9861909e+002
  1.9841368e+004  1.9871272e+002
  1.9861245e+004  1.9879755e+002
  1.9881130e+004  1.9888284e+002
  1.9901022e+004  1.9897143e+002
  1.9920923e+004  1.9905863e+002
  1.9940834e+004  1.9915950e+002
  1.9960756e+004  1.9927034e+002
  1.9980688e+004  1.9935065e+002
  2.0000627e+004  1.9947140e+002
  2.0020578e+004  1.9956219e+002
  2.0040540e+004  1.9964524e+002
